0 0.023437 0.577778 0.042708 0.292593
0 0.300521 0.357407 0.080208 0.214815
0 0.442708 0.327778 0.089583 0.159259
0 0.643229 0.530556 0.103125 0.461111
0 0.566146 0.329630 0.055208 0.159259
0 0.620833 0.295370 0.077083 0.164815
0 0.796354 0.519444 0.115625 0.427778
0 0.882812 0.461111 0.146875 0.381481
0 0.841146 0.211111 0.069792 0.129630
0 0.729167 0.298148 0.085417 0.177778
0 0.417187 0.569444 0.126042 0.427778
0 0.949479 0.501852 0.071875 0.351852
0 0.191146 0.418519 0.107292 0.222222
0 0.107813 0.589815 0.096875 0.335185
