0 0.185937 0.398148 0.117708 0.211111
0 0.745833 0.298148 0.064583 0.144444
0 0.113021 0.589815 0.088542 0.353704
0 0.300000 0.376852 0.079167 0.268519
0 0.439063 0.323148 0.107292 0.175926
0 0.844271 0.218519 0.078125 0.092593
0 0.801042 0.514815 0.131250 0.459259
0 0.419271 0.562037 0.123958 0.398148
0 0.935938 0.499074 0.111458 0.416667
0 0.659896 0.528704 0.094792 0.412963
0 0.655729 0.262963 0.076042 0.140741
0 0.881771 0.428704 0.130208 0.305556
0 0.565625 0.310185 0.064583 0.161111
0 0.025000 0.573148 0.050000 0.312963
