0 0.574814 0.328371 0.071914 0.176883
0 0.960486 0.446585 0.074869 0.255692
0 0.382717 0.393170 0.154662 0.176882
0 0.265981 0.543783 0.206874 0.366025
0 0.692042 0.260070 0.050241 0.145359
0 0.744746 0.361646 0.088660 0.236428
0 0.855571 0.435201 0.085705 0.320490
0 0.897931 0.297724 0.064032 0.171629
0 0.483691 0.348511 0.070929 0.175131
0 0.256130 0.263573 0.057136 0.117338
0 0.160573 0.305604 0.118214 0.113836
0 0.629488 0.311734 0.065017 0.266199
0 0.131513 0.464098 0.119198 0.262696
0 0.968367 0.289843 0.057137 0.131348
0 0.797942 0.256567 0.057136 0.134851
0 0.058614 0.526269 0.089645 0.264448
