0 0.070435 0.529772 0.101467 0.229422
0 0.249234 0.537653 0.224606 0.371279
0 0.568411 0.323117 0.057137 0.176882
0 0.689580 0.267951 0.047285 0.140106
0 0.957038 0.424694 0.075854 0.264448
0 0.259085 0.264449 0.051226 0.094571
0 0.138901 0.429072 0.153678 0.203153
0 0.488124 0.325744 0.067973 0.189142
0 0.855079 0.419439 0.082749 0.309982
0 0.900394 0.308231 0.068958 0.129597
0 0.397001 0.386164 0.108362 0.176882
0 0.176828 0.311734 0.113288 0.133099
0 0.631458 0.315237 0.061077 0.262697
0 0.746716 0.356392 0.094571 0.232925
