0 0.171903 0.326620 0.115258 0.110332
0 0.853601 0.427320 0.075854 0.287215
0 0.957038 0.446585 0.083734 0.280210
0 0.095063 0.511384 0.113288 0.248686
0 0.487139 0.333625 0.060092 0.190894
0 0.632936 0.330123 0.064033 0.257444
0 0.280757 0.522767 0.254159 0.323994
0 0.261055 0.269702 0.059107 0.087566
0 0.753120 0.359019 0.097527 0.238179
0 0.895961 0.312610 0.066003 0.124344
0 0.964427 0.291594 0.061077 0.124344
0 0.807301 0.260070 0.073884 0.131349
0 0.692042 0.260945 0.044330 0.150613
0 0.383702 0.397548 0.134961 0.192644
0 0.573829 0.329247 0.067973 0.189142
