0 0.270906 0.412434 0.163529 0.103328
0 0.594516 0.527145 0.243323 0.301226
0 0.791046 0.468476 0.193082 0.285464
0 0.678251 0.303853 0.192097 0.110333
0 0.956053 0.315237 0.077824 0.136603
0 0.122154 0.370403 0.096541 0.131348
0 0.404882 0.343257 0.065018 0.234676
0 0.500438 0.315236 0.143827 0.108581
0 0.056644 0.555167 0.073884 0.336252
0 0.301937 0.250438 0.069943 0.091069
0 0.932410 0.429948 0.109347 0.274956
0 0.187664 0.293345 0.083735 0.096322
0 0.822078 0.295972 0.077824 0.129597
0 0.164021 0.562172 0.148752 0.332749
