0 0.310937 0.377778 0.088542 0.177778
0 0.540625 0.360185 0.156250 0.216667
0 0.853646 0.337963 0.078125 0.161111
0 0.916667 0.333333 0.060417 0.125926
0 0.432292 0.351852 0.106250 0.192593
0 0.702604 0.520370 0.086458 0.411111
0 0.550000 0.207407 0.037500 0.100000
0 0.609896 0.201852 0.105208 0.133333
0 0.455208 0.226852 0.052083 0.146296
0 0.969271 0.329630 0.046875 0.140741
0 0.800521 0.206481 0.055208 0.083333
0 0.171875 0.381481 0.127083 0.107407
0 0.764583 0.324074 0.116667 0.214815
0 0.336458 0.245370 0.050000 0.087037
0 0.264062 0.261111 0.078125 0.125926
0 0.921875 0.228704 0.066667 0.090741
0 0.146354 0.535185 0.132292 0.318519
0 0.711979 0.207407 0.094792 0.092593
