0 0.144319 0.557794 0.117229 0.341506
0 0.761493 0.325744 0.096541 0.210157
0 0.912708 0.332750 0.048270 0.108581
0 0.452660 0.226795 0.071914 0.113835
0 0.853109 0.328371 0.082749 0.138354
0 0.313759 0.368651 0.091616 0.159369
0 0.613726 0.205780 0.092601 0.096322
0 0.536887 0.347636 0.171410 0.225919
0 0.710267 0.202277 0.096541 0.085815
0 0.966889 0.340630 0.042360 0.117338
0 0.709282 0.531524 0.100482 0.401051
0 0.795972 0.192644 0.072898 0.073556
0 0.430987 0.336252 0.101467 0.164623
0 0.920589 0.224168 0.064032 0.115586
