0 0.262533 0.253065 0.085705 0.085815
0 0.606830 0.195271 0.100482 0.131348
0 0.841287 0.330123 0.102452 0.152364
0 0.912708 0.330998 0.056152 0.136602
0 0.919604 0.222417 0.066003 0.101576
0 0.310311 0.373906 0.080779 0.190893
0 0.548216 0.341506 0.176335 0.168126
0 0.334446 0.244308 0.050241 0.096322
0 0.719133 0.201401 0.114273 0.119089
0 0.751642 0.325744 0.090631 0.227670
0 0.413255 0.355517 0.115258 0.119089
0 0.443301 0.225919 0.094571 0.108581
0 0.177813 0.519264 0.089645 0.299475
0 0.709282 0.543783 0.096541 0.443082
