0 0.610771 0.195272 0.078809 0.092819
0 0.544275 0.363398 0.164514 0.218914
0 0.334939 0.247811 0.053196 0.096322
0 0.442316 0.210157 0.061077 0.115587
0 0.432958 0.345009 0.093586 0.189142
0 0.906305 0.323993 0.063047 0.133099
0 0.268936 0.262697 0.074869 0.077057
0 0.182246 0.373906 0.104422 0.110333
0 0.697953 0.208406 0.095556 0.112084
0 0.835869 0.337128 0.097527 0.141856
0 0.974278 0.338879 0.039404 0.113836
0 0.925022 0.223292 0.068958 0.075306
0 0.206874 0.536778 0.116244 0.288967
0 0.709775 0.520140 0.113288 0.378284
0 0.318684 0.371278 0.079794 0.164623
0 0.750657 0.305604 0.098511 0.190894
