0 0.536887 0.355517 0.165499 0.199650
0 0.319177 0.373906 0.074869 0.148861
0 0.611756 0.194396 0.094571 0.084064
0 0.267951 0.268827 0.059107 0.113835
0 0.754105 0.317863 0.091616 0.201401
0 0.851138 0.353765 0.086690 0.157618
0 0.918126 0.331874 0.059107 0.138354
0 0.804346 0.211033 0.066003 0.096322
0 0.445764 0.219790 0.066003 0.092820
0 0.170425 0.373906 0.102452 0.106830
0 0.341342 0.254816 0.048270 0.127845
0 0.426554 0.350263 0.100482 0.164623
0 0.963934 0.329247 0.046300 0.133100
0 0.917633 0.234676 0.077824 0.084063
0 0.709774 0.525394 0.091616 0.444834
