0 0.966667 0.332407 0.054167 0.116667
0 0.332292 0.247222 0.050000 0.112963
0 0.696354 0.516667 0.084375 0.407407
0 0.553646 0.202778 0.044792 0.079630
0 0.155208 0.538889 0.129167 0.311111
0 0.535937 0.350000 0.169792 0.203704
0 0.908854 0.336111 0.067708 0.131481
0 0.850521 0.329630 0.063542 0.133333
0 0.182812 0.391667 0.101042 0.131481
0 0.806771 0.201852 0.076042 0.088889
0 0.917708 0.222222 0.072917 0.092593
0 0.432292 0.351852 0.102083 0.166667
0 0.319271 0.379630 0.084375 0.174074
0 0.450521 0.225000 0.053125 0.101852
0 0.272917 0.268519 0.077083 0.111111
