0 0.270906 0.248687 0.061077 0.105079
0 0.462018 0.463222 0.216725 0.271454
0 0.299967 0.565674 0.146782 0.416813
0 0.089645 0.410683 0.130035 0.141856
0 0.613726 0.542031 0.116243 0.488617
0 0.191112 0.580560 0.074869 0.366024
0 0.740806 0.315237 0.065018 0.206655
0 0.446749 0.327496 0.105407 0.129597
0 0.821092 0.262697 0.060092 0.094571
0 0.517677 0.228546 0.123139 0.124343
0 0.650668 0.249562 0.056151 0.106830
0 0.108362 0.582312 0.094571 0.327495
0 0.039405 0.577058 0.070928 0.345008
0 0.246771 0.365149 0.087675 0.152364
0 0.156140 0.306480 0.066003 0.091069
0 0.907290 0.270578 0.065017 0.106830
