0 0.289624 0.561296 0.124124 0.457093
0 0.447734 0.314361 0.103437 0.148862
0 0.463989 0.511384 0.212784 0.315236
0 0.099989 0.571804 0.111318 0.302978
0 0.905812 0.270578 0.066003 0.089317
0 0.041867 0.566550 0.081764 0.362522
0 0.270414 0.247811 0.056152 0.092819
0 0.187664 0.570928 0.075854 0.371279
0 0.645249 0.266200 0.053196 0.108581
0 0.243816 0.371279 0.077824 0.108581
0 0.734403 0.316112 0.077824 0.218915
0 0.497975 0.237303 0.117228 0.131348
0 0.824048 0.265324 0.050241 0.085815
0 0.168454 0.365149 0.078809 0.117338
