0 0.104422 0.589317 0.102452 0.323994
0 0.893991 0.269702 0.060092 0.091068
0 0.828973 0.277583 0.062062 0.103328
0 0.269429 0.253940 0.067973 0.087566
0 0.295042 0.551664 0.142842 0.458844
0 0.498468 0.228547 0.090630 0.117338
0 0.240860 0.375657 0.067973 0.159369
0 0.036449 0.598074 0.057137 0.376532
0 0.189142 0.575306 0.082749 0.397548
0 0.607323 0.511383 0.113288 0.434326
0 0.469407 0.484238 0.192097 0.316988
0 0.650668 0.264448 0.071914 0.108581
0 0.745239 0.324869 0.060092 0.204904
0 0.086690 0.412434 0.104422 0.120841
