0 0.103437 0.576182 0.116244 0.308231
0 0.246771 0.374781 0.069943 0.143608
0 0.291594 0.583187 0.147767 0.504379
0 0.598457 0.525394 0.109348 0.462347
0 0.820600 0.273205 0.066988 0.094571
0 0.735880 0.315237 0.068958 0.231173
0 0.437390 0.320491 0.106392 0.126094
0 0.647220 0.262697 0.072898 0.129597
0 0.458078 0.470228 0.212785 0.295972
0 0.503393 0.217163 0.094571 0.119089
0 0.185202 0.555167 0.094571 0.367776
0 0.275339 0.253940 0.073884 0.098073
0 0.924037 0.295972 0.078809 0.122592
0 0.041867 0.563923 0.081765 0.367776
