0 0.617666 0.526269 0.110333 0.432574
0 0.653623 0.264448 0.067973 0.108581
0 0.041375 0.577058 0.063047 0.348512
0 0.507826 0.232925 0.109347 0.119090
0 0.185202 0.545534 0.098511 0.394045
0 0.145797 0.313485 0.066988 0.070052
0 0.293564 0.540280 0.126095 0.425569
0 0.742776 0.333625 0.059107 0.232925
0 0.903842 0.272329 0.052211 0.099825
0 0.087183 0.404554 0.105407 0.091069
0 0.822078 0.267075 0.058122 0.106831
0 0.457093 0.444833 0.214755 0.241681
0 0.110333 0.590193 0.102452 0.343257
0 0.269428 0.241681 0.066003 0.101576
