0 0.406359 0.379159 0.121169 0.397548
0 0.134468 0.422067 0.048270 0.427320
0 0.198008 0.412434 0.070928 0.401050
0 0.377298 0.151488 0.080779 0.110332
0 0.153678 0.193520 0.070928 0.110332
0 0.055659 0.432574 0.073883 0.367776
0 0.524080 0.387040 0.143827 0.444834
0 0.258592 0.085814 0.069943 0.115586
0 0.587620 0.147110 0.064032 0.210157
0 0.652146 0.364273 0.157618 0.402802
0 0.916156 0.341506 0.153678 0.301226
0 0.524573 0.144483 0.054181 0.152365
0 0.087675 0.202277 0.076839 0.106830
0 0.154170 0.128721 0.071914 0.078809
0 0.282728 0.384413 0.092601 0.404553
