0 0.406852 0.412434 0.133976 0.453591
0 0.918126 0.342382 0.143827 0.285464
0 0.388135 0.152364 0.072898 0.115586
0 0.053196 0.437828 0.078809 0.350262
0 0.262533 0.080561 0.060092 0.140105
0 0.277802 0.393170 0.086690 0.464097
0 0.102452 0.419439 0.094571 0.394045
0 0.169932 0.420315 0.105407 0.395797
0 0.592546 0.135727 0.075854 0.197898
0 0.527036 0.151488 0.057136 0.166375
0 0.080779 0.211033 0.084720 0.106830
0 0.530977 0.382662 0.159589 0.467600
0 0.654608 0.398424 0.134961 0.485114
0 0.262040 0.184763 0.065017 0.092819
0 0.154170 0.175131 0.077824 0.115587
