0 0.523588 0.146235 0.048271 0.152364
0 0.082749 0.180386 0.112303 0.147110
0 0.290609 0.401926 0.096541 0.401051
0 0.646727 0.390543 0.131020 0.444833
0 0.199978 0.415062 0.094571 0.413310
0 0.920589 0.353765 0.144812 0.332749
0 0.049256 0.426444 0.066988 0.373030
0 0.532454 0.381787 0.144812 0.430823
0 0.394046 0.147986 0.068958 0.127846
0 0.585650 0.126970 0.081765 0.190893
0 0.159096 0.197899 0.062063 0.098073
0 0.415225 0.389667 0.150722 0.408056
0 0.110825 0.417688 0.107378 0.415061
0 0.264011 0.091944 0.059107 0.096322
