0 0.612209 0.095349 0.057558 0.065117
0 0.446730 0.322093 0.077180 0.337210
0 0.020930 0.454651 0.036628 0.248837
0 0.918314 0.130233 0.054942 0.069768
0 0.962791 0.387209 0.049709 0.290698
0 0.107267 0.222093 0.081105 0.132558
0 0.743677 0.179069 0.074564 0.111628
0 0.917660 0.348837 0.124273 0.279069
0 0.513445 0.060465 0.074564 0.097675
0 0.520640 0.165117 0.044477 0.111628
0 0.854215 0.162791 0.054942 0.074419
0 0.394404 0.188372 0.103343 0.097674
0 0.645567 0.165116 0.069332 0.116279
0 0.782921 0.138372 0.048401 0.067442
0 0.166788 0.413953 0.069332 0.330232
0 0.175945 0.131395 0.043169 0.062791
