0 0.641642 0.167442 0.071947 0.134883
0 0.520639 0.159303 0.052326 0.100000
0 0.743023 0.183721 0.065407 0.111628
0 0.854869 0.162791 0.051018 0.060465
0 0.514099 0.058140 0.086337 0.097674
0 0.918314 0.320930 0.128198 0.255814
0 0.913082 0.127907 0.052326 0.074419
0 0.106613 0.224419 0.079796 0.151163
0 0.960828 0.388372 0.066715 0.269768
0 0.475509 0.279069 0.119041 0.251163
0 0.967369 0.229070 0.053634 0.095349
0 0.177907 0.131395 0.041860 0.058139
0 0.615480 0.098837 0.064099 0.072093
0 0.780959 0.132558 0.057558 0.074419
0 0.164171 0.418605 0.056250 0.325581
0 0.016352 0.444186 0.032704 0.246511
0 0.397674 0.184884 0.112500 0.113953
