0 0.452616 0.284884 0.143895 0.248838
0 0.024201 0.437209 0.048401 0.265117
0 0.784884 0.131395 0.052326 0.090698
0 0.970640 0.234884 0.049709 0.102325
0 0.166788 0.412791 0.061483 0.313954
0 0.522602 0.153488 0.048401 0.111629
0 0.524564 0.051163 0.060174 0.083720
0 0.854869 0.152325 0.056250 0.076744
0 0.744331 0.175581 0.070640 0.137209
0 0.916352 0.122093 0.058866 0.072094
0 0.109230 0.224419 0.103343 0.127907
0 0.638372 0.169767 0.078488 0.120930
0 0.614826 0.104651 0.062791 0.051163
0 0.959520 0.383721 0.069331 0.255814
0 0.403561 0.183721 0.111192 0.111628
0 0.889535 0.301163 0.096802 0.216280
0 0.175945 0.126744 0.053633 0.053488
