0 0.399637 0.183721 0.103343 0.116279
0 0.779651 0.131395 0.057558 0.072093
0 0.174637 0.130232 0.045785 0.074419
0 0.917006 0.124419 0.062791 0.062791
0 0.523256 0.151163 0.054942 0.125581
0 0.965407 0.229070 0.054942 0.109303
0 0.896730 0.308140 0.134739 0.211628
0 0.741715 0.177907 0.068023 0.113953
0 0.617442 0.100000 0.065407 0.060465
0 0.448692 0.272093 0.143895 0.246512
0 0.106614 0.223256 0.090261 0.139535
0 0.164826 0.423256 0.065407 0.306977
0 0.856177 0.169768 0.066715 0.083720
0 0.958212 0.388372 0.069332 0.255814
0 0.028125 0.445349 0.048401 0.272093
0 0.639026 0.166279 0.071948 0.127906
0 0.524564 0.054651 0.057558 0.081395
