0 0.615480 0.097675 0.061482 0.060466
0 0.395712 0.186046 0.111192 0.111628
0 0.164172 0.412791 0.066715 0.323256
0 0.106613 0.215116 0.092878 0.141860
0 0.524564 0.153488 0.052326 0.130232
0 0.848329 0.158139 0.056250 0.093023
0 0.902616 0.315117 0.138663 0.225581
0 0.780305 0.129070 0.056250 0.081395
0 0.963445 0.386046 0.066715 0.274419
0 0.452616 0.288372 0.120349 0.255814
0 0.019622 0.454651 0.031395 0.267442
0 0.648837 0.167442 0.073256 0.120931
0 0.739753 0.181395 0.071947 0.120930
0 0.913735 0.125581 0.069331 0.074419
0 0.969332 0.237209 0.047093 0.106976
0 0.175945 0.124419 0.043169 0.072093
0 0.528488 0.053488 0.060174 0.083721
