0 0.521948 0.163954 0.047093 0.123256
0 0.644259 0.167442 0.074564 0.134883
0 0.913081 0.339535 0.133430 0.265116
0 0.175945 0.126744 0.043169 0.067442
0 0.107267 0.224419 0.086337 0.146511
0 0.854215 0.163953 0.054942 0.095349
0 0.613517 0.097675 0.052326 0.065116
0 0.917660 0.126744 0.056250 0.081395
0 0.017660 0.443024 0.032703 0.267442
0 0.166788 0.412791 0.069332 0.337209
0 0.740407 0.179069 0.068023 0.111628
0 0.951017 0.366279 0.086337 0.295349
0 0.463735 0.306976 0.077180 0.269768
0 0.512791 0.059302 0.086338 0.095349
0 0.781613 0.137210 0.051017 0.055814
0 0.400945 0.184883 0.103343 0.100000
0 0.970640 0.238372 0.044477 0.100000
