0 0.119868 0.407484 0.059641 0.311850
0 0.823285 0.348233 0.072505 0.313929
0 0.917424 0.264033 0.097064 0.174636
0 0.112266 0.227650 0.056133 0.118503
0 0.661317 0.135135 0.125130 0.091476
0 0.456081 0.099792 0.046778 0.083160
0 0.524493 0.143451 0.057302 0.141372
0 0.132147 0.158004 0.109928 0.091477
0 0.341476 0.364865 0.065488 0.376300
0 0.052040 0.435551 0.054964 0.301456
0 0.546128 0.312890 0.123961 0.318087
0 0.190619 0.387734 0.072505 0.343035
0 0.468360 0.353430 0.050286 0.419958
0 0.666580 0.344075 0.098233 0.376299
0 0.749026 0.330562 0.090047 0.382536
0 0.404626 0.353431 0.056133 0.386694
0 0.270725 0.380457 0.073675 0.365904
