0 0.481224 0.345114 0.057302 0.419958
0 0.560161 0.307693 0.095894 0.307693
0 0.122791 0.423077 0.063150 0.288981
0 0.915670 0.267151 0.100572 0.193347
0 0.190619 0.387734 0.072505 0.355509
0 0.348493 0.363825 0.065489 0.357588
0 0.453742 0.103950 0.051455 0.087319
0 0.817438 0.371102 0.046777 0.334719
0 0.868308 0.364865 0.047947 0.322245
0 0.277742 0.381497 0.090047 0.355509
0 0.660733 0.136175 0.119283 0.093555
0 0.130977 0.142412 0.112266 0.126819
0 0.747271 0.333680 0.095894 0.380457
0 0.524493 0.142412 0.052625 0.147609
0 0.053210 0.444906 0.050286 0.303534
0 0.112851 0.220375 0.057303 0.095634
0 0.972388 0.159044 0.050286 0.089397
0 0.405795 0.346154 0.053794 0.388773
0 0.665411 0.340956 0.095894 0.370063
