0 0.468360 0.351351 0.045608 0.415801
0 0.557822 0.311850 0.102910 0.311851
0 0.124545 0.415800 0.066658 0.299377
0 0.050286 0.440748 0.049117 0.311850
0 0.868893 0.362786 0.044439 0.313929
0 0.659564 0.345114 0.095894 0.378379
0 0.918594 0.252599 0.104080 0.160083
0 0.128638 0.139293 0.107588 0.120582
0 0.114020 0.219335 0.061980 0.089397
0 0.523324 0.146570 0.047947 0.126819
0 0.821531 0.363825 0.076014 0.336798
0 0.657224 0.134096 0.121622 0.106029
0 0.271895 0.380457 0.073674 0.370063
0 0.457251 0.107069 0.044439 0.072765
0 0.346154 0.366944 0.065489 0.367983
0 0.748441 0.339917 0.084199 0.376299
0 0.408719 0.349272 0.061980 0.386694
0 0.191788 0.387734 0.070167 0.351351
