0 0.344984 0.366944 0.070167 0.359668
0 0.750779 0.331601 0.098233 0.376300
0 0.130392 0.153846 0.108758 0.087319
0 0.056133 0.431393 0.058472 0.288981
0 0.826209 0.360707 0.080691 0.318088
0 0.667749 0.338877 0.086539 0.357588
0 0.549051 0.311850 0.115774 0.311851
0 0.919179 0.258836 0.088878 0.151768
0 0.656640 0.132017 0.122791 0.089396
0 0.191788 0.378378 0.070167 0.353431
0 0.523908 0.143451 0.051455 0.128898
0 0.864800 0.328482 0.040930 0.220374
0 0.109927 0.218295 0.063149 0.087319
0 0.453742 0.103950 0.056133 0.079002
0 0.465436 0.350312 0.051455 0.417880
0 0.269556 0.378379 0.068997 0.361746
0 0.404626 0.354470 0.051456 0.372142
0 0.122791 0.416840 0.063150 0.309771
