0 0.122791 0.418919 0.067828 0.297297
0 0.051455 0.435551 0.056133 0.293139
0 0.815099 0.357588 0.044439 0.336799
0 0.453742 0.107069 0.044439 0.081081
0 0.523909 0.144491 0.046778 0.147609
0 0.679444 0.141372 0.156705 0.112267
0 0.560746 0.303534 0.106419 0.307693
0 0.751364 0.346154 0.085369 0.372141
0 0.409303 0.354470 0.070166 0.372142
0 0.974727 0.169439 0.047947 0.072765
0 0.129223 0.148649 0.099402 0.122661
0 0.346154 0.360707 0.070166 0.359668
0 0.475961 0.350312 0.063150 0.417880
0 0.196466 0.390852 0.074844 0.345114
0 0.916840 0.259875 0.102911 0.199584
0 0.119283 0.232848 0.051455 0.116424
0 0.275987 0.379418 0.079522 0.351351
0 0.860122 0.359668 0.040931 0.307693
0 0.665995 0.336798 0.094725 0.374220
