0 0.746102 0.335759 0.084199 0.380457
0 0.659564 0.129937 0.121622 0.093555
0 0.347908 0.366944 0.066658 0.359668
0 0.113435 0.216216 0.058472 0.087318
0 0.666580 0.343035 0.091216 0.370063
0 0.403456 0.359667 0.044439 0.382536
0 0.917425 0.243244 0.101741 0.182952
0 0.122791 0.414761 0.067828 0.293139
0 0.456081 0.111226 0.046778 0.089397
0 0.818022 0.358628 0.064319 0.338878
0 0.867139 0.364865 0.038591 0.276507
0 0.129808 0.140333 0.105249 0.118503
0 0.273649 0.388774 0.084199 0.357588
0 0.050871 0.440748 0.059641 0.295219
0 0.478885 0.357588 0.050286 0.411642
0 0.557238 0.308732 0.104080 0.309771
0 0.524493 0.141372 0.050285 0.145530
0 0.191788 0.391892 0.065489 0.334719
