0 0.457251 0.113306 0.053794 0.097713
0 0.329782 0.344075 0.070167 0.288981
0 0.017542 0.422037 0.030405 0.307692
0 0.070166 0.437630 0.025728 0.313929
0 0.139163 0.399168 0.105249 0.328482
0 0.742594 0.170478 0.072505 0.128898
0 0.497596 0.354469 0.118113 0.355509
0 0.251429 0.378379 0.072505 0.361746
0 0.671258 0.343036 0.145010 0.365905
0 0.382991 0.168399 0.059642 0.124741
0 0.050871 0.424117 0.026897 0.270270
0 0.143256 0.208939 0.071335 0.089397
0 0.663657 0.129938 0.064319 0.135135
0 0.273648 0.163202 0.065489 0.093556
0 0.900468 0.360707 0.126299 0.305614
0 0.407549 0.356549 0.059641 0.392931
