0 0.411642 0.349272 0.051456 0.403326
0 0.665995 0.124740 0.078352 0.120582
0 0.309901 0.312890 0.095894 0.293139
0 0.499351 0.350312 0.137994 0.351352
0 0.135655 0.389813 0.102911 0.347193
0 0.742593 0.163202 0.084199 0.122661
0 0.909239 0.358628 0.136824 0.313930
0 0.227456 0.370062 0.078352 0.361746
0 0.070751 0.427235 0.029236 0.322245
0 0.014618 0.436591 0.029236 0.295219
0 0.386499 0.158004 0.059642 0.103951
0 0.140333 0.197505 0.060811 0.099792
0 0.281250 0.155925 0.040930 0.087319
0 0.046778 0.420998 0.037422 0.276507
0 0.677690 0.347194 0.134485 0.349272
0 0.455496 0.106029 0.047947 0.083160
