0 0.905145 0.353431 0.130977 0.320167
0 0.333875 0.297297 0.057303 0.257796
0 0.052040 0.419958 0.031575 0.270270
0 0.247921 0.372141 0.093555 0.353431
0 0.076598 0.427235 0.031574 0.309771
0 0.744348 0.164241 0.083030 0.124740
0 0.458420 0.101871 0.056133 0.083160
0 0.274233 0.169438 0.066658 0.089397
0 0.019880 0.430353 0.030406 0.291060
0 0.411642 0.349272 0.065489 0.378378
0 0.683537 0.334719 0.148519 0.365904
0 0.390008 0.170478 0.054964 0.112266
0 0.142672 0.202702 0.060811 0.089397
0 0.137994 0.395010 0.107589 0.349272
0 0.498765 0.358628 0.115774 0.367983
0 0.660148 0.120582 0.064319 0.124740
