0 0.255522 0.367983 0.090047 0.357589
0 0.139163 0.395010 0.102911 0.345115
0 0.076598 0.435551 0.031574 0.293139
0 0.413396 0.349272 0.054964 0.378378
0 0.677690 0.352391 0.136824 0.359667
0 0.050286 0.422038 0.030405 0.266112
0 0.014618 0.436590 0.029236 0.274429
0 0.657809 0.121622 0.061980 0.130977
0 0.137409 0.199584 0.057303 0.095633
0 0.382406 0.163202 0.051455 0.114345
0 0.331536 0.309771 0.068997 0.282744
0 0.275403 0.164241 0.064319 0.091477
0 0.743178 0.165281 0.057303 0.139293
0 0.456081 0.116424 0.051455 0.099793
0 0.906315 0.364865 0.128638 0.297297
0 0.502859 0.349272 0.121621 0.357589
