0 0.142671 0.399168 0.102910 0.340956
0 0.137409 0.205821 0.066658 0.099792
0 0.050286 0.420998 0.021050 0.280665
0 0.253768 0.374220 0.091216 0.357589
0 0.903391 0.362786 0.125130 0.301456
0 0.337968 0.322245 0.058472 0.291061
0 0.660148 0.124740 0.071336 0.137214
0 0.384745 0.163202 0.049117 0.110187
0 0.456666 0.112266 0.047947 0.070686
0 0.076013 0.422038 0.037422 0.324325
0 0.408134 0.346154 0.067828 0.384615
0 0.502859 0.351351 0.121621 0.349273
0 0.749610 0.174636 0.077183 0.137215
0 0.275403 0.170478 0.061980 0.087318
0 0.020465 0.426196 0.029236 0.291060
0 0.678274 0.350312 0.133316 0.359668
