0 0.241489 0.367984 0.090046 0.361746
0 0.456081 0.109148 0.046778 0.072766
0 0.019296 0.437630 0.033914 0.284823
0 0.750195 0.174636 0.076014 0.145530
0 0.320426 0.301455 0.086539 0.261955
0 0.385330 0.175675 0.045608 0.114345
0 0.274233 0.166320 0.054964 0.087319
0 0.047947 0.419958 0.030405 0.270270
0 0.905730 0.358628 0.141502 0.288981
0 0.670673 0.341996 0.141502 0.363825
0 0.663072 0.128898 0.067828 0.145530
0 0.139163 0.201663 0.065489 0.083160
0 0.497011 0.360706 0.137994 0.355509
0 0.407549 0.348232 0.071335 0.367983
0 0.071336 0.427235 0.035083 0.318087
0 0.137994 0.402287 0.098233 0.338878
