0 0.469529 0.346154 0.101741 0.376300
0 0.673012 0.047817 0.036253 0.083160
0 0.827378 0.327443 0.085369 0.264033
0 0.291190 0.186071 0.067828 0.114345
0 0.556653 0.299376 0.112266 0.295218
0 0.725052 0.064449 0.070166 0.074844
0 0.719205 0.299376 0.091216 0.245322
0 0.042100 0.426195 0.051455 0.299376
0 0.558407 0.076923 0.054964 0.116424
0 0.900468 0.362786 0.074844 0.322245
0 0.642022 0.145530 0.058472 0.145531
0 0.108173 0.399169 0.087708 0.345115
0 0.388839 0.170478 0.061980 0.153845
0 0.219855 0.386694 0.137994 0.370063
