0 0.111097 0.398129 0.105249 0.343035
0 0.463682 0.346154 0.073675 0.401247
0 0.668334 0.041580 0.031575 0.079003
0 0.719790 0.302495 0.078352 0.284823
0 0.553729 0.071725 0.059642 0.118503
0 0.221609 0.384615 0.127469 0.365905
0 0.904561 0.355509 0.061980 0.286902
0 0.032744 0.388774 0.065489 0.228690
0 0.392347 0.168399 0.061980 0.145530
0 0.720959 0.059252 0.068997 0.097713
0 0.546128 0.299376 0.081861 0.328482
0 0.834979 0.347194 0.088877 0.320167
0 0.291190 0.180873 0.049117 0.128898
0 0.650792 0.154886 0.064319 0.147608
