0 0.718035 0.305613 0.074844 0.266112
0 0.547297 0.080042 0.077183 0.118504
0 0.644361 0.154886 0.077183 0.147608
0 0.827963 0.341996 0.098233 0.305614
0 0.670088 0.048856 0.035083 0.081081
0 0.461928 0.350312 0.072505 0.363825
0 0.902222 0.351351 0.066658 0.295218
0 0.218101 0.385655 0.127469 0.355509
0 0.383576 0.173597 0.063149 0.160082
0 0.042685 0.423077 0.036252 0.309771
0 0.722128 0.059251 0.061981 0.101871
0 0.105249 0.408524 0.100572 0.334719
0 0.543204 0.303534 0.080691 0.336798
0 0.287097 0.180873 0.059641 0.133056
