0 0.669503 0.047817 0.036253 0.074844
0 0.219270 0.380457 0.125130 0.357589
0 0.651377 0.155925 0.067828 0.149688
0 0.039761 0.423077 0.046777 0.293139
0 0.463682 0.338877 0.076014 0.390853
0 0.706926 0.300416 0.076014 0.272350
0 0.107588 0.401247 0.102911 0.349272
0 0.388838 0.179834 0.064319 0.143451
0 0.290021 0.178794 0.056133 0.137214
0 0.822115 0.346154 0.081861 0.280665
0 0.557822 0.068607 0.053794 0.116424
0 0.897544 0.360707 0.061980 0.305614
0 0.722713 0.068607 0.074844 0.103950
0 0.552560 0.301456 0.087708 0.324324
