0 0.825624 0.345114 0.093555 0.320166
0 0.648454 0.155925 0.066658 0.145530
0 0.720959 0.303534 0.068997 0.295219
0 0.285928 0.181912 0.066658 0.126819
0 0.464267 0.345114 0.086539 0.390853
0 0.036253 0.383576 0.067827 0.243243
0 0.550221 0.064449 0.064319 0.103950
0 0.903391 0.359668 0.068997 0.282744
0 0.720374 0.064449 0.067828 0.083159
0 0.108758 0.395011 0.100572 0.353431
0 0.667749 0.063409 0.035083 0.072765
0 0.383576 0.176715 0.060811 0.133056
0 0.558992 0.311850 0.084200 0.361746
0 0.216931 0.382536 0.122791 0.361746
