0 0.962448 0.347194 0.067828 0.128898
0 0.033914 0.410603 0.063149 0.247402
0 0.482393 0.355509 0.066658 0.386694
0 0.748441 0.128898 0.086539 0.091476
0 0.588228 0.278587 0.168399 0.291060
0 0.868308 0.228690 0.059641 0.137214
0 0.774168 0.064449 0.072505 0.079002
0 0.226871 0.388774 0.051456 0.382536
0 0.306978 0.357588 0.115774 0.332640
0 0.178924 0.383576 0.063149 0.359667
0 0.759551 0.285862 0.085369 0.205821
0 0.069582 0.418919 0.052624 0.280666
0 0.414566 0.343035 0.071336 0.349272
0 0.122791 0.410603 0.058472 0.322245
