0 0.070166 0.419959 0.032744 0.303534
0 0.227456 0.403326 0.029236 0.349273
0 0.035668 0.409563 0.045608 0.266112
0 0.777092 0.064449 0.090047 0.074844
0 0.744932 0.133056 0.086539 0.095634
0 0.954847 0.335759 0.090047 0.139294
0 0.168399 0.373181 0.081861 0.376299
0 0.107589 0.418919 0.044439 0.309771
0 0.407549 0.364865 0.080691 0.351352
0 0.588812 0.267152 0.174246 0.280665
0 0.295868 0.341996 0.116944 0.318088
0 0.859537 0.220374 0.084199 0.137214
0 0.478300 0.355509 0.077183 0.390852
0 0.739085 0.290021 0.121621 0.193347
