0 0.748441 0.126819 0.098233 0.095634
0 0.598168 0.264033 0.167230 0.249480
0 0.954847 0.324325 0.085369 0.145531
0 0.104665 0.418919 0.040930 0.313929
0 0.397609 0.345114 0.060811 0.353431
0 0.858368 0.217256 0.056133 0.151767
0 0.225117 0.391892 0.031574 0.380457
0 0.771245 0.054054 0.090047 0.083160
0 0.045608 0.407484 0.039761 0.253639
0 0.076598 0.432432 0.029236 0.278587
0 0.482978 0.353430 0.077183 0.378379
0 0.742593 0.292100 0.128638 0.230769
0 0.299376 0.345114 0.130978 0.320166
0 0.171323 0.365904 0.092386 0.370062
