0 0.582965 0.280665 0.143841 0.291060
0 0.484148 0.356549 0.074844 0.372142
0 0.947830 0.329522 0.094724 0.135135
0 0.176585 0.407485 0.044439 0.353431
0 0.038591 0.397089 0.049116 0.291060
0 0.855445 0.221414 0.064319 0.160083
0 0.745517 0.120582 0.087708 0.112266
0 0.740839 0.260915 0.134485 0.205821
0 0.774168 0.053015 0.093555 0.081081
0 0.297622 0.338877 0.122791 0.316008
0 0.229210 0.389813 0.039761 0.363826
0 0.411642 0.336798 0.067828 0.345115
0 0.070751 0.419959 0.038591 0.291060
0 0.120452 0.398129 0.060811 0.347194
