0 0.957770 0.328482 0.081860 0.124741
0 0.743178 0.290021 0.122791 0.218295
0 0.180678 0.391892 0.066658 0.347194
0 0.406965 0.340956 0.067827 0.340956
0 0.070751 0.431393 0.038592 0.293140
0 0.301130 0.349272 0.122791 0.332641
0 0.573025 0.282744 0.149689 0.295219
0 0.224532 0.410603 0.032744 0.359668
0 0.476546 0.339917 0.061980 0.380457
0 0.862461 0.234927 0.059642 0.141372
0 0.118113 0.402287 0.056133 0.322245
0 0.750195 0.132017 0.092385 0.097713
0 0.772414 0.060291 0.080691 0.079002
0 0.032160 0.411643 0.052625 0.270270
