0 0.182432 0.387734 0.044439 0.376299
0 0.749026 0.129937 0.092385 0.101871
0 0.123376 0.412682 0.064319 0.338877
0 0.073675 0.441788 0.039761 0.264033
0 0.774753 0.051975 0.087708 0.074844
0 0.037422 0.403326 0.051455 0.270269
0 0.570686 0.296258 0.114605 0.293140
0 0.298791 0.351351 0.122791 0.316008
0 0.228040 0.389813 0.032744 0.380457
0 0.481224 0.355509 0.059642 0.382537
0 0.950754 0.344075 0.093555 0.160083
0 0.746686 0.299376 0.113435 0.232848
0 0.404626 0.338877 0.063149 0.349273
0 0.864215 0.222453 0.051455 0.162162
