0 0.745313 0.308500 0.165375 0.271000
0 0.148500 0.213500 0.117000 0.155000
0 0.332719 0.374500 0.087187 0.375000
0 0.882281 0.334000 0.108563 0.200000
0 0.754875 0.177000 0.063000 0.204000
0 0.522281 0.074000 0.044438 0.108000
0 0.832781 0.182000 0.073688 0.170000
0 0.278721 0.191000 0.095068 0.162000
0 0.422719 0.279500 0.088312 0.275000
0 0.609469 0.065500 0.057937 0.085000
0 0.654750 0.169000 0.067500 0.146000
0 0.556312 0.356500 0.085500 0.387000
0 0.568406 0.110000 0.043312 0.072000
0 0.077906 0.383000 0.143437 0.242000
