0 0.609469 0.065500 0.057937 0.085000
0 0.754875 0.177000 0.063000 0.204000
0 0.881719 0.337500 0.107438 0.201000
0 0.522281 0.074000 0.044438 0.108000
0 0.748406 0.313000 0.171562 0.280000
0 0.654750 0.169000 0.067500 0.146000
0 0.568406 0.110000 0.043312 0.072000
0 0.556312 0.356500 0.085500 0.387000
0 0.339187 0.357500 0.100125 0.341000
0 0.278724 0.191000 0.095073 0.162000
0 0.077906 0.383000 0.143437 0.242000
0 0.833625 0.178000 0.078750 0.170000
0 0.148500 0.213500 0.117000 0.155000
0 0.422719 0.279500 0.088312 0.275000
