0 0.311063 0.375000 0.110250 0.398000
0 0.391500 0.335000 0.173250 0.360000
0 0.945000 0.253000 0.048375 0.158000
0 0.634219 0.048500 0.053438 0.075000
0 0.452813 0.107500 0.055125 0.093000
0 0.252000 0.100500 0.082125 0.091000
0 0.736594 0.206000 0.084937 0.090000
0 0.162562 0.221000 0.048375 0.182000
0 0.197156 0.366000 0.083813 0.360000
0 0.567562 0.046000 0.075375 0.080000
0 0.855000 0.215000 0.036000 0.190000
0 0.698062 0.071500 0.063000 0.091000
0 0.068625 0.426500 0.070875 0.265000
0 0.590906 0.304000 0.185063 0.228000
