0 0.718031 0.248500 0.084937 0.151000
0 0.833063 0.286000 0.113625 0.180000
0 0.856969 0.454500 0.099562 0.295000
0 0.253125 0.479000 0.151875 0.376000
0 0.135281 0.485500 0.057938 0.295000
0 0.436781 0.232000 0.066937 0.084000
0 0.857250 0.447500 0.091125 0.265000
0 0.361969 0.293500 0.068063 0.127000
0 0.428625 0.437000 0.145125 0.262000
0 0.834750 0.194500 0.076500 0.103000
0 0.087750 0.507000 0.067500 0.318000
0 0.435937 0.430000 0.154125 0.254000
0 0.629438 0.196000 0.091125 0.122000
0 0.258188 0.487000 0.178875 0.366000
0 0.682312 0.208000 0.084375 0.130000
