0 0.629438 0.196000 0.091125 0.122000
0 0.474469 0.421500 0.222188 0.215000
0 0.471656 0.434000 0.214312 0.256000
0 0.682312 0.208000 0.084375 0.130000
0 0.833063 0.286000 0.113625 0.180000
0 0.718031 0.248500 0.084937 0.151000
0 0.863719 0.424000 0.109687 0.238000
0 0.135281 0.485500 0.057938 0.295000
0 0.436781 0.232000 0.066937 0.084000
0 0.251437 0.483500 0.168750 0.357000
0 0.249188 0.490500 0.165375 0.371000
0 0.361969 0.293500 0.068063 0.127000
0 0.834750 0.194500 0.076500 0.103000
0 0.863438 0.423000 0.102375 0.234000
0 0.087750 0.507000 0.067500 0.318000
