0 0.256781 0.487000 0.169313 0.364000
0 0.834750 0.194500 0.076500 0.103000
0 0.434812 0.452000 0.138375 0.292000
0 0.629438 0.196000 0.091125 0.122000
0 0.262969 0.486000 0.176062 0.360000
0 0.682312 0.208000 0.084375 0.130000
0 0.833063 0.286000 0.113625 0.180000
0 0.718031 0.248500 0.084937 0.151000
0 0.436781 0.232000 0.066937 0.084000
0 0.361969 0.293500 0.068063 0.127000
0 0.856406 0.447000 0.096187 0.282000
0 0.431438 0.438000 0.133875 0.288000
0 0.135281 0.485500 0.057938 0.295000
0 0.857813 0.444000 0.088875 0.284000
0 0.087750 0.507000 0.067500 0.318000
