0 0.718031 0.248500 0.084937 0.151000
0 0.833063 0.286000 0.113625 0.180000
0 0.853875 0.442500 0.087750 0.267000
0 0.135281 0.485500 0.057938 0.295000
0 0.254531 0.473500 0.165938 0.357000
0 0.361969 0.293500 0.068063 0.127000
0 0.087750 0.507000 0.067500 0.318000
0 0.854156 0.437500 0.099562 0.263000
0 0.834750 0.194500 0.076500 0.103000
0 0.629438 0.196000 0.091125 0.122000
0 0.682312 0.208000 0.084375 0.130000
0 0.441844 0.453500 0.147937 0.291000
0 0.438469 0.455000 0.153562 0.296000
0 0.253406 0.480000 0.163687 0.360000
0 0.436781 0.232000 0.066937 0.084000
