0 0.468000 0.434000 0.209250 0.262000
0 0.241312 0.485500 0.148500 0.369000
0 0.436781 0.232000 0.066937 0.084000
0 0.858656 0.430000 0.096187 0.246000
0 0.361969 0.293500 0.068063 0.127000
0 0.861187 0.442000 0.104625 0.274000
0 0.135281 0.485500 0.057938 0.295000
0 0.087750 0.507000 0.067500 0.318000
0 0.629438 0.196000 0.091125 0.122000
0 0.468844 0.433500 0.205313 0.247000
0 0.240750 0.486000 0.158625 0.368000
0 0.834750 0.194500 0.076500 0.103000
0 0.682312 0.208000 0.084375 0.130000
0 0.833063 0.286000 0.113625 0.180000
0 0.718031 0.248500 0.084937 0.151000
