0 0.611719 0.468000 0.126563 0.392000
0 0.059906 0.490500 0.071438 0.281000
0 0.255094 0.486000 0.064688 0.360000
0 0.311906 0.484000 0.066937 0.388000
0 0.773719 0.472000 0.087187 0.362000
0 0.481781 0.479000 0.093938 0.380000
0 0.545344 0.464000 0.077063 0.364000
0 0.135563 0.489000 0.064125 0.320000
0 0.714094 0.462000 0.092812 0.352000
0 0.666844 0.439000 0.105187 0.286000
0 0.906469 0.464500 0.073688 0.289000
0 0.200250 0.491000 0.058500 0.358000
0 0.090562 0.485000 0.084375 0.322000
0 0.945000 0.465500 0.094500 0.287000
0 0.866250 0.468500 0.072000 0.311000
0 0.613406 0.227000 0.131062 0.178000
0 0.824625 0.440000 0.081000 0.276000
0 0.420750 0.483500 0.126000 0.375000
0 0.034313 0.498000 0.056250 0.280000
