0 0.950535 0.419786 0.092246 0.265596
0 0.408590 0.425134 0.157420 0.486631
0 0.780582 0.459001 0.155414 0.454545
0 0.278242 0.459893 0.093248 0.516934
0 0.119820 0.251337 0.131351 0.181819
0 0.817179 0.135473 0.100268 0.121212
0 0.314338 0.078431 0.115308 0.124778
0 0.193015 0.069519 0.073195 0.124777
0 0.418616 0.063280 0.105281 0.112299
0 0.170956 0.458110 0.105281 0.477719
0 0.502841 0.227273 0.239639 0.262032
0 0.517881 0.055258 0.125334 0.110517
0 0.723429 0.243316 0.215575 0.201426
0 0.862299 0.472371 0.108289 0.434938
0 0.606617 0.457219 0.112299 0.511586
0 0.043616 0.411765 0.085227 0.342246
