0 0.729947 0.251337 0.206551 0.228164
0 0.410094 0.396613 0.164439 0.447416
0 0.047627 0.408200 0.089238 0.317290
0 0.281250 0.452763 0.095254 0.509804
0 0.309325 0.075758 0.117313 0.130125
0 0.503844 0.215686 0.247660 0.235294
0 0.779077 0.464350 0.142380 0.475936
0 0.423128 0.050802 0.086230 0.098039
0 0.513870 0.044563 0.113302 0.089127
0 0.622660 0.459002 0.106283 0.511587
0 0.168449 0.458111 0.106284 0.470588
0 0.201036 0.059715 0.077206 0.112300
0 0.856785 0.477719 0.109292 0.452763
0 0.952039 0.456328 0.093248 0.352941
0 0.818182 0.136363 0.100268 0.126560
0 0.124332 0.252228 0.148395 0.197861
