0 0.609626 0.462567 0.108289 0.508021
0 0.819185 0.138146 0.110294 0.137256
0 0.419619 0.058824 0.087233 0.114082
0 0.951036 0.444741 0.093248 0.319073
0 0.777574 0.464349 0.147393 0.465241
0 0.195020 0.049020 0.061163 0.080214
0 0.283255 0.456328 0.103276 0.513369
0 0.855782 0.468806 0.101270 0.452763
0 0.312333 0.079323 0.125334 0.122995
0 0.536932 0.056150 0.089238 0.112299
0 0.042614 0.452763 0.085227 0.395722
0 0.501838 0.237077 0.229612 0.238859
0 0.169452 0.459002 0.110294 0.472370
0 0.735963 0.228164 0.216578 0.185383
0 0.411598 0.454545 0.119318 0.538324
0 0.132353 0.228164 0.156417 0.149733
