0 0.858790 0.471480 0.111297 0.436720
0 0.042112 0.410874 0.082219 0.315508
0 0.512366 0.060606 0.112299 0.121212
0 0.953543 0.461676 0.088235 0.349376
0 0.612132 0.463458 0.109292 0.509804
0 0.409592 0.442959 0.143382 0.529412
0 0.197527 0.057041 0.070187 0.099821
0 0.426136 0.055258 0.088235 0.110517
0 0.826203 0.131907 0.094251 0.114081
0 0.770053 0.458111 0.138369 0.463458
0 0.727941 0.221925 0.214572 0.176470
0 0.123830 0.250446 0.149398 0.183601
0 0.501337 0.228164 0.242647 0.253119
0 0.169953 0.453654 0.113302 0.472371
0 0.315341 0.078431 0.129345 0.131907
0 0.279746 0.462567 0.086230 0.525846
