0 0.142380 0.224599 0.174466 0.135472
0 0.827206 0.136364 0.094252 0.122994
0 0.172961 0.451872 0.117313 0.454545
0 0.780080 0.465241 0.156417 0.459893
0 0.283255 0.458110 0.093248 0.509804
0 0.496825 0.233512 0.231618 0.253119
0 0.727440 0.230838 0.219586 0.187166
0 0.625167 0.457219 0.119318 0.493761
0 0.200033 0.077540 0.081217 0.108734
0 0.949031 0.430481 0.091244 0.301248
0 0.410595 0.466132 0.111297 0.550803
0 0.415107 0.056150 0.094252 0.101605
0 0.310327 0.081997 0.121323 0.117647
0 0.856785 0.463458 0.105281 0.424243
0 0.045120 0.450981 0.086230 0.399287
0 0.516377 0.063280 0.118316 0.126559
