0 0.311330 0.078431 0.127340 0.114081
0 0.863302 0.472371 0.112299 0.438503
0 0.949532 0.430481 0.094252 0.294118
0 0.044619 0.415330 0.085228 0.349376
0 0.632687 0.464349 0.104278 0.518717
0 0.517380 0.050802 0.122326 0.101605
0 0.414104 0.057041 0.094251 0.106952
0 0.132854 0.220143 0.163436 0.130124
0 0.831718 0.140820 0.107286 0.142603
0 0.499332 0.215686 0.242647 0.263815
0 0.409592 0.463458 0.111297 0.552584
0 0.788603 0.459893 0.151404 0.452762
0 0.171457 0.456328 0.106283 0.484848
0 0.284759 0.459893 0.100268 0.516934
0 0.723930 0.229056 0.196524 0.197861
0 0.196524 0.051694 0.066177 0.078431
