0 0.801136 0.252263 0.100268 0.174688
0 0.444073 0.202317 0.073195 0.158645
0 0.254178 0.139929 0.085228 0.087344
0 0.112801 0.242425 0.103276 0.203208
0 0.314338 0.452763 0.149398 0.449198
0 0.035094 0.400178 0.062166 0.301247
0 0.915942 0.288770 0.075201 0.171123
0 0.702874 0.098039 0.054144 0.131907
0 0.978610 0.319965 0.036096 0.147950
0 0.438670 0.125669 0.043115 0.087344
0 0.662767 0.461675 0.156417 0.524064
0 0.511865 0.082006 0.043115 0.153298
0 0.600602 0.085563 0.120321 0.131907
0 0.571524 0.196079 0.096257 0.160428
0 0.674298 0.221034 0.093249 0.167557
