0 0.665274 0.468806 0.161430 0.491979
0 0.596591 0.090909 0.124332 0.153298
0 0.226604 0.142602 0.062166 0.089127
0 0.512366 0.084670 0.042112 0.158645
0 0.974599 0.318181 0.044118 0.144385
0 0.913937 0.287879 0.075201 0.172906
0 0.709893 0.116756 0.042112 0.158645
0 0.665274 0.059715 0.057153 0.094474
0 0.112801 0.240642 0.099265 0.203209
0 0.312834 0.475044 0.154412 0.493761
0 0.429646 0.194296 0.071190 0.174688
0 0.438168 0.128342 0.044118 0.103387
0 0.033590 0.398396 0.063169 0.308378
0 0.676805 0.237968 0.100267 0.169341
0 0.804145 0.250445 0.098262 0.147950
0 0.287767 0.178253 0.078209 0.149732
0 0.576036 0.199644 0.105281 0.160428
