0 0.576538 0.200535 0.092246 0.165775
0 0.116811 0.248663 0.115307 0.187166
0 0.430648 0.196078 0.063169 0.153297
0 0.033590 0.414438 0.057152 0.326203
0 0.247660 0.133690 0.056150 0.103387
0 0.316343 0.467915 0.163436 0.465241
0 0.509860 0.083779 0.051136 0.153297
0 0.916444 0.292335 0.082219 0.167557
0 0.663770 0.464350 0.178476 0.525847
0 0.436163 0.131016 0.048128 0.094474
0 0.598596 0.088235 0.122326 0.130124
0 0.977106 0.305704 0.037099 0.137255
0 0.802139 0.245989 0.098263 0.160428
0 0.289773 0.201426 0.092246 0.167557
0 0.676304 0.223708 0.099265 0.155080
0 0.701872 0.105169 0.078209 0.156863
