0 0.667781 0.459893 0.158422 0.516934
0 0.802139 0.254902 0.098262 0.149733
0 0.600101 0.078431 0.127340 0.106952
0 0.309826 0.467914 0.142380 0.454545
0 0.511364 0.086453 0.038102 0.158644
0 0.975100 0.313725 0.043115 0.153297
0 0.233869 0.148842 0.098263 0.090909
0 0.683322 0.216578 0.083222 0.158645
0 0.425635 0.192513 0.079211 0.149732
0 0.917447 0.285205 0.068182 0.178253
0 0.438670 0.124777 0.045120 0.085562
0 0.115809 0.244207 0.101270 0.196079
0 0.581551 0.200535 0.098262 0.172906
0 0.703376 0.107844 0.045120 0.147950
0 0.035595 0.398395 0.069184 0.308378
