0 0.510639 0.092199 0.037899 0.148936
0 0.091755 0.216312 0.091755 0.159574
0 0.434342 0.131206 0.058843 0.081560
0 0.669215 0.156028 0.109708 0.106382
0 0.761469 0.342199 0.232380 0.336879
0 0.288232 0.188830 0.083777 0.171986
0 0.581449 0.205674 0.115692 0.163120
0 0.161569 0.210106 0.077793 0.150709
0 0.424368 0.199468 0.080784 0.136525
0 0.631815 0.062057 0.066822 0.074468
0 0.023936 0.140957 0.047872 0.108156
0 0.797374 0.238475 0.080785 0.175531
0 0.981882 0.316489 0.030918 0.136525
0 0.906583 0.276596 0.083777 0.163121
