0 0.312333 0.139037 0.045120 0.081997
0 0.513870 0.090018 0.043115 0.155081
0 0.439171 0.131016 0.052139 0.101605
0 0.386531 0.090018 0.051136 0.133690
0 0.412600 0.465240 0.095254 0.520499
0 0.292781 0.042781 0.104278 0.078431
0 0.628175 0.100713 0.055147 0.147950
0 0.135862 0.207665 0.069184 0.244207
0 0.055147 0.284314 0.104278 0.201426
0 0.800635 0.181819 0.061163 0.103387
0 0.229111 0.221925 0.109292 0.251337
0 0.849766 0.148841 0.047126 0.112299
0 0.394051 0.055259 0.102272 0.103387
0 0.575034 0.142602 0.059158 0.124777
0 0.717914 0.165775 0.098262 0.114082
