0 0.803142 0.184492 0.070187 0.105169
0 0.630180 0.106952 0.057153 0.160428
0 0.391043 0.098039 0.042112 0.171123
0 0.442179 0.132799 0.050133 0.115864
0 0.850769 0.136363 0.055147 0.101605
0 0.315842 0.060606 0.066177 0.085562
0 0.052139 0.271836 0.104278 0.169341
0 0.264706 0.070410 0.048129 0.105169
0 0.576036 0.138146 0.059158 0.115865
0 0.514873 0.087344 0.043115 0.146168
0 0.139873 0.209447 0.067179 0.251337
0 0.317346 0.142603 0.061163 0.081997
0 0.716912 0.156863 0.104278 0.110517
0 0.407587 0.463458 0.097259 0.520499
0 0.213570 0.054367 0.064171 0.073084
0 0.235127 0.223707 0.101270 0.279857
