0 0.896391 0.232620 0.060160 0.076648
0 0.405582 0.460784 0.111296 0.522281
0 0.576537 0.147059 0.070187 0.126560
0 0.323610 0.140981 0.040390 0.085815
0 0.231618 0.213012 0.114305 0.262032
0 0.438168 0.130125 0.050134 0.103387
0 0.387533 0.099822 0.041109 0.174688
0 0.630682 0.103387 0.056150 0.156863
0 0.052640 0.280749 0.103276 0.183601
0 0.513870 0.090018 0.047126 0.162210
0 0.710896 0.162210 0.090241 0.128343
0 0.206551 0.053476 0.066177 0.074867
0 0.130348 0.206774 0.072192 0.238858
0 0.396558 0.048128 0.101270 0.096256
0 0.310829 0.055259 0.072192 0.067736
0 0.848262 0.147059 0.050133 0.119430
0 0.797627 0.182709 0.075201 0.112300
