0 0.801638 0.182709 0.059158 0.094474
0 0.576036 0.138146 0.061163 0.115865
0 0.849265 0.147950 0.050134 0.114081
0 0.231618 0.218360 0.106283 0.276293
0 0.414104 0.461675 0.100267 0.520499
0 0.439672 0.133690 0.053142 0.096257
0 0.392045 0.049020 0.102273 0.083779
0 0.313837 0.135473 0.054144 0.089127
0 0.265207 0.062388 0.041109 0.085562
0 0.053142 0.278966 0.098262 0.180036
0 0.719920 0.160428 0.110294 0.099822
0 0.630682 0.098931 0.048128 0.151515
0 0.138870 0.207665 0.071190 0.233511
0 0.513369 0.087344 0.044117 0.153297
