0 0.716912 0.163993 0.100267 0.110517
0 0.437667 0.128342 0.057152 0.085562
0 0.411598 0.462567 0.105281 0.543672
0 0.390541 0.053476 0.101270 0.089126
0 0.626671 0.099822 0.052139 0.146168
0 0.571023 0.136363 0.059158 0.112299
0 0.515876 0.087344 0.049131 0.146168
0 0.314338 0.141711 0.051136 0.087344
0 0.222593 0.227273 0.124332 0.251336
0 0.136865 0.209447 0.069185 0.219252
0 0.050635 0.286096 0.097259 0.187166
0 0.292781 0.040107 0.092246 0.080214
0 0.805147 0.186275 0.052139 0.090908
0 0.847259 0.163102 0.050133 0.147950
