0 0.755013 0.473262 0.112299 0.518717
0 0.677306 0.464350 0.093249 0.483066
0 0.588068 0.440285 0.117313 0.502674
0 0.643215 0.139929 0.053142 0.101604
0 0.182988 0.444741 0.093249 0.426025
0 0.887867 0.434938 0.105281 0.374331
0 0.443182 0.392157 0.122326 0.370766
0 0.275234 0.431373 0.087233 0.449197
0 0.709392 0.155972 0.083222 0.083779
0 0.085227 0.453654 0.086230 0.468806
0 0.948529 0.466131 0.098262 0.386809
0 0.252674 0.136364 0.056149 0.087344
0 0.801136 0.220143 0.070187 0.162211
0 0.346424 0.442068 0.133356 0.459893
0 0.595087 0.162210 0.085227 0.106952
0 0.290775 0.184492 0.100267 0.172906
0 0.818182 0.435829 0.078208 0.340463
0 0.422126 0.131016 0.078208 0.101605
