0 0.583055 0.443850 0.123329 0.524064
0 0.643716 0.140820 0.050134 0.089127
0 0.949031 0.457219 0.097259 0.383244
0 0.290274 0.182710 0.097259 0.155081
0 0.248663 0.141746 0.052139 0.085562
0 0.815675 0.463458 0.083222 0.385027
0 0.081217 0.456328 0.090241 0.477719
0 0.714405 0.150624 0.081217 0.090909
0 0.184492 0.435829 0.092246 0.404634
0 0.446190 0.402852 0.106283 0.409982
0 0.756016 0.462567 0.124331 0.518717
0 0.347928 0.443850 0.134358 0.456328
0 0.591076 0.163101 0.089238 0.112299
0 0.801390 0.194396 0.056151 0.105079
0 0.684325 0.462567 0.111297 0.511586
0 0.889873 0.434046 0.103276 0.383244
0 0.269719 0.443850 0.080214 0.477719
0 0.037099 0.355615 0.066176 0.272728
0 0.423732 0.129233 0.083016 0.115865
