0 0.713402 0.155080 0.085228 0.096256
0 0.892380 0.436720 0.104278 0.377896
0 0.820689 0.468806 0.085227 0.402852
0 0.684325 0.459893 0.119318 0.502673
0 0.289773 0.185383 0.098262 0.178254
0 0.257687 0.143494 0.054144 0.101605
0 0.756016 0.467023 0.116310 0.527630
0 0.917948 0.257575 0.067179 0.108734
0 0.442680 0.392157 0.121323 0.370766
0 0.591578 0.448306 0.138369 0.511587
0 0.947025 0.466131 0.103276 0.386809
0 0.801638 0.229947 0.075201 0.174688
0 0.074699 0.450980 0.101270 0.470588
0 0.591076 0.166667 0.099265 0.119430
0 0.273229 0.438503 0.095254 0.481283
0 0.346925 0.443850 0.132353 0.463458
0 0.422126 0.137255 0.080214 0.092692
0 0.184492 0.444741 0.096257 0.429590
