0 0.146609 0.148050 0.057846 0.132979
0 0.293717 0.451262 0.126663 0.519543
0 0.047872 0.445922 0.081782 0.409574
0 0.680685 0.205674 0.086769 0.180851
0 0.211935 0.062943 0.098736 0.108156
0 0.308178 0.088652 0.083777 0.152482
0 0.870678 0.492021 0.191489 0.452128
0 0.868684 0.162234 0.049867 0.129432
0 0.437334 0.120567 0.052859 0.081560
0 0.787899 0.228724 0.081782 0.156029
0 0.591423 0.125887 0.059841 0.078014
0 0.150100 0.449468 0.092753 0.455673
0 0.915886 0.281050 0.058843 0.168440
0 0.590924 0.223035 0.086768 0.159575
0 0.412899 0.457447 0.151596 0.560284
0 0.519615 0.161348 0.055851 0.191490
0 0.689661 0.124113 0.078790 0.163121
0 0.509142 0.444149 0.180519 0.554965
0 0.632812 0.475177 0.110705 0.503545
