0 0.519615 0.161348 0.055851 0.191490
0 0.592420 0.117021 0.057846 0.060283
0 0.632812 0.475177 0.110705 0.503545
0 0.444814 0.046099 0.049867 0.092198
0 0.146609 0.148050 0.057846 0.132979
0 0.047872 0.445922 0.081782 0.409574
0 0.680685 0.205674 0.086769 0.180851
0 0.401430 0.468085 0.124668 0.563830
0 0.211935 0.062943 0.098736 0.108156
0 0.496676 0.444149 0.155585 0.554965
0 0.308178 0.088652 0.083777 0.152482
0 0.870678 0.492021 0.191489 0.452128
0 0.868684 0.162234 0.049867 0.129432
0 0.909684 0.282801 0.074021 0.168440
0 0.787899 0.228724 0.081782 0.156029
0 0.437334 0.120567 0.052859 0.081560
0 0.590924 0.193262 0.086768 0.159575
0 0.239362 0.149823 0.081782 0.104610
0 0.293717 0.379433 0.126663 0.375886
0 0.150100 0.449468 0.092753 0.455673
0 0.699136 0.124113 0.059840 0.163121
