0 0.112699 0.076241 0.039894 0.092199
0 0.333610 0.134752 0.060837 0.088652
0 0.981882 0.310284 0.026928 0.141844
0 0.202460 0.250000 0.179521 0.209220
0 0.903092 0.476064 0.130652 0.445035
0 0.032414 0.349291 0.064827 0.241135
0 0.782912 0.244681 0.099734 0.166667
0 0.438830 0.117908 0.051861 0.079788
0 0.275765 0.132092 0.056848 0.125886
0 0.809840 0.181737 0.061835 0.097518
0 0.586436 0.210106 0.103723 0.154256
0 0.702128 0.161348 0.065824 0.109929
0 0.432347 0.200355 0.096742 0.134752
0 0.914561 0.282801 0.079787 0.154255
0 0.596908 0.137412 0.088764 0.097518
