0 0.792886 0.142731 0.067819 0.157802
0 0.330618 0.120568 0.054854 0.099291
0 0.707613 0.166667 0.066822 0.106383
0 0.032414 0.140071 0.042885 0.127660
0 0.440326 0.135638 0.048869 0.111703
0 0.024934 0.269504 0.049867 0.173759
0 0.909574 0.279256 0.067819 0.154256
0 0.209441 0.046099 0.051862 0.070922
0 0.138132 0.216312 0.078790 0.241135
0 0.584441 0.148936 0.059840 0.127659
0 0.967420 0.441489 0.055851 0.251773
0 0.296210 0.196808 0.079788 0.170212
0 0.843251 0.394504 0.188497 0.352837
0 0.233378 0.151595 0.055851 0.115248
0 0.153092 0.044326 0.062832 0.088653
