0 0.423870 0.195922 0.071808 0.168440
0 0.198970 0.393617 0.186503 0.375886
0 0.916556 0.284575 0.075798 0.161347
0 0.857214 0.133865 0.072806 0.090425
0 0.979388 0.307624 0.031915 0.147163
0 0.586935 0.165780 0.066822 0.193262
0 0.132646 0.072695 0.089760 0.074468
0 0.295711 0.196808 0.078790 0.159574
0 0.075798 0.214539 0.073803 0.244681
0 0.348072 0.087766 0.135639 0.157802
0 0.230884 0.081560 0.058843 0.127659
0 0.685173 0.213652 0.109708 0.296099
0 0.163564 0.206561 0.093750 0.164894
0 0.193484 0.066489 0.031915 0.108156
0 0.567985 0.411347 0.190492 0.400710
