0 0.040392 0.233156 0.066822 0.232269
0 0.388963 0.088652 0.047872 0.159575
0 0.705618 0.164894 0.054854 0.088652
0 0.975898 0.309397 0.044881 0.161348
0 0.847739 0.153369 0.053857 0.111702
0 0.068816 0.462766 0.085771 0.411347
0 0.509142 0.122341 0.040891 0.099291
0 0.575465 0.202127 0.117686 0.180851
0 0.791390 0.240248 0.090758 0.157802
0 0.165558 0.085106 0.077793 0.099291
0 0.421376 0.192376 0.090758 0.150709
0 0.976895 0.199468 0.034907 0.090425
0 0.219415 0.086880 0.059840 0.124113
0 0.157081 0.212766 0.094747 0.134752
0 0.283245 0.203900 0.113697 0.156029
0 0.644282 0.148937 0.041888 0.081560
0 0.907580 0.278369 0.061835 0.148936
0 0.925033 0.181737 0.050865 0.097518
0 0.688664 0.239362 0.100731 0.166667
