0 0.827792 0.177305 0.051862 0.049645
0 0.576463 0.390071 0.119681 0.287234
0 0.532580 0.124113 0.043883 0.095745
0 0.820312 0.267731 0.044880 0.074469
0 0.503657 0.157801 0.043883 0.092199
0 0.627826 0.203014 0.156583 0.157801
0 0.715093 0.150709 0.047872 0.106383
0 0.918551 0.274823 0.049867 0.088653
0 0.984874 0.343972 0.026929 0.138297
0 0.351562 0.226950 0.054854 0.067376
0 0.774435 0.244681 0.074801 0.205674
0 0.870179 0.273936 0.060838 0.086880
0 0.199967 0.271277 0.040891 0.102837
0 0.310173 0.177305 0.079787 0.109929
0 0.448803 0.187943 0.035904 0.145390
0 0.719581 0.414894 0.148604 0.315603
