0 0.382979 0.463652 0.143617 0.406029
0 0.097241 0.313830 0.062832 0.148936
0 0.288232 0.236702 0.043883 0.101064
0 0.971908 0.377659 0.044880 0.202128
0 0.661237 0.376773 0.067819 0.299645
0 0.591922 0.431738 0.110705 0.384752
0 0.837766 0.171099 0.081782 0.058511
0 0.218916 0.311170 0.076795 0.122341
0 0.757480 0.247340 0.056848 0.101064
0 0.350565 0.228723 0.048870 0.067376
0 0.094747 0.514185 0.079788 0.347518
0 0.192985 0.263298 0.044880 0.083333
0 0.438830 0.248227 0.063830 0.134752
0 0.826795 0.376773 0.085771 0.239361
0 0.324136 0.289007 0.083777 0.127660
0 0.876164 0.274823 0.070811 0.138297
0 0.641789 0.225177 0.088764 0.134751
