0 0.048371 0.481383 0.094747 0.253546
0 0.785904 0.408688 0.085771 0.303191
0 0.096742 0.507092 0.075798 0.326241
0 0.164062 0.501773 0.132646 0.382979
0 0.690658 0.422872 0.106716 0.313830
0 0.327626 0.421099 0.144614 0.281915
0 0.635306 0.437057 0.131649 0.335106
0 0.516124 0.182624 0.106716 0.134752
0 0.656250 0.198581 0.099734 0.145391
0 0.575465 0.437057 0.171542 0.359929
0 0.890126 0.395390 0.112699 0.258866
0 0.447307 0.395390 0.112699 0.297872
0 0.952959 0.397163 0.080784 0.237589
0 0.849235 0.234043 0.048870 0.074469
0 0.851230 0.405142 0.114694 0.274822
0 0.745512 0.400709 0.106716 0.304965
