0 0.486702 0.454787 0.071808 0.388298
0 0.841257 0.402482 0.114694 0.283688
0 0.947473 0.359929 0.087766 0.134752
0 0.116190 0.510638 0.102726 0.347518
0 0.688664 0.415781 0.156582 0.317376
0 0.801363 0.415780 0.104721 0.306738
0 0.738032 0.208333 0.057846 0.115248
0 0.174036 0.319149 0.062832 0.120568
0 0.585439 0.395390 0.107713 0.329787
0 0.812334 0.230496 0.086769 0.134752
0 0.677194 0.202127 0.073803 0.117021
0 0.104721 0.324468 0.085771 0.102836
0 0.268285 0.514184 0.101729 0.404256
0 0.746011 0.417553 0.125665 0.317376
0 0.042387 0.515071 0.080784 0.296099
0 0.358045 0.476064 0.079788 0.374113
