0 0.063542 0.257407 0.070833 0.111111
0 0.326042 0.153704 0.047917 0.103704
0 0.617188 0.195370 0.065625 0.157407
0 0.731250 0.212963 0.110417 0.155556
0 0.848437 0.350926 0.138542 0.287037
0 0.963021 0.373148 0.069792 0.235185
0 0.157292 0.319444 0.087500 0.212963
0 0.323958 0.291667 0.064583 0.198148
0 0.264583 0.495370 0.093750 0.409259
0 0.281250 0.237963 0.041667 0.094444
0 0.088021 0.525926 0.088542 0.355556
0 0.179167 0.191667 0.075000 0.075926
0 0.746875 0.356481 0.179167 0.298148
0 0.671354 0.456481 0.161458 0.390741
