0 0.969845 0.443082 0.034479 0.210157
0 0.730954 0.154115 0.094571 0.112084
0 0.227561 0.467600 0.084720 0.346760
0 0.132005 0.520140 0.086690 0.395797
0 0.937336 0.430823 0.024628 0.199650
0 0.562500 0.451839 0.167470 0.402802
0 0.901872 0.407181 0.040390 0.229422
0 0.771837 0.425569 0.085705 0.315236
0 0.840795 0.417688 0.083735 0.243432
0 0.042853 0.527145 0.073883 0.374781
0 0.687609 0.432575 0.102452 0.322242
0 0.158111 0.272329 0.085705 0.127845
0 0.330998 0.499124 0.106392 0.409807
0 0.404882 0.457969 0.092601 0.415061
