0 0.944232 0.352890 0.103437 0.162872
0 0.463004 0.219790 0.057136 0.155867
0 0.193575 0.186515 0.056152 0.075306
0 0.612741 0.280210 0.061077 0.182137
0 0.373851 0.274081 0.066003 0.239930
0 0.556589 0.147986 0.082749 0.103328
0 0.815182 0.371279 0.109348 0.192644
0 0.715193 0.173380 0.108363 0.136603
0 0.779717 0.281961 0.140871 0.077058
0 0.521618 0.366024 0.113288 0.301225
0 0.053196 0.516637 0.106392 0.203153
0 0.133975 0.212785 0.049256 0.068301
0 0.191605 0.409807 0.144812 0.283713
0 0.290609 0.297723 0.094571 0.175131
0 0.055166 0.352014 0.057137 0.122593
