0 0.133976 0.214536 0.051226 0.078809
0 0.370896 0.282837 0.066003 0.243432
0 0.606830 0.272329 0.076839 0.187390
0 0.562008 0.141856 0.089645 0.108581
0 0.495512 0.366025 0.130035 0.273205
0 0.714700 0.176883 0.105407 0.140105
0 0.813704 0.380911 0.096541 0.218914
0 0.306370 0.293345 0.078809 0.197899
0 0.846213 0.212785 0.053196 0.124344
0 0.052704 0.508757 0.101467 0.225919
0 0.464481 0.212784 0.048271 0.120841
0 0.198501 0.395797 0.162544 0.262697
0 0.781688 0.274081 0.129050 0.085814
0 0.940784 0.355517 0.110333 0.185639
