0 0.851631 0.219790 0.060092 0.117338
0 0.463496 0.252189 0.066003 0.234676
0 0.818630 0.365149 0.112303 0.176882
0 0.947680 0.352014 0.098511 0.168126
0 0.189142 0.424694 0.116243 0.281961
0 0.096049 0.287215 0.056152 0.098073
0 0.549201 0.353765 0.103437 0.262697
0 0.192097 0.191769 0.068958 0.092819
0 0.559545 0.148862 0.084720 0.108581
0 0.786121 0.279334 0.135946 0.068302
0 0.293564 0.311734 0.112303 0.189142
0 0.719626 0.190018 0.101467 0.138354
0 0.380747 0.278459 0.066003 0.234676
0 0.133483 0.211033 0.048271 0.089317
0 0.627025 0.283712 0.046300 0.189142
0 0.060584 0.510508 0.101467 0.218914
