0 0.714700 0.179510 0.099496 0.145358
0 0.578262 0.330123 0.124124 0.225919
0 0.948172 0.342381 0.095556 0.145359
0 0.463989 0.256567 0.063047 0.225919
0 0.131020 0.212784 0.039405 0.071804
0 0.055166 0.500000 0.088660 0.197898
0 0.847198 0.217163 0.066987 0.126094
0 0.558559 0.139230 0.088660 0.103328
0 0.164021 0.435201 0.091616 0.281962
0 0.774792 0.270578 0.132990 0.064799
0 0.820107 0.375657 0.119199 0.197899
0 0.370403 0.285464 0.070928 0.238179
0 0.187664 0.189142 0.054181 0.087566
0 0.277802 0.320490 0.145797 0.199649
