0 0.851631 0.218039 0.058121 0.120841
0 0.314251 0.306480 0.183231 0.140105
0 0.356611 0.167250 0.041374 0.085814
0 0.049256 0.508756 0.090630 0.208406
0 0.556097 0.146235 0.093586 0.110332
0 0.716178 0.182137 0.082749 0.129597
0 0.820107 0.371278 0.111318 0.189142
0 0.460048 0.262697 0.061077 0.206655
0 0.787598 0.273205 0.144811 0.108581
0 0.129050 0.212785 0.047285 0.089318
0 0.589098 0.341506 0.114273 0.276707
0 0.208844 0.468476 0.171410 0.274956
0 0.196038 0.279334 0.055166 0.127846
0 0.186679 0.191769 0.060092 0.092819
0 0.510782 0.254816 0.040390 0.124344
0 0.948665 0.358144 0.096541 0.183888
