0 0.175843 0.490368 0.158603 0.297723
0 0.967874 0.340631 0.058122 0.180385
0 0.336417 0.398424 0.152693 0.299475
0 0.065017 0.478109 0.065017 0.304729
0 0.557082 0.155867 0.042360 0.091069
0 0.204411 0.234676 0.044330 0.084063
0 0.897931 0.380035 0.077824 0.196147
0 0.107870 0.281086 0.052211 0.106831
0 0.554619 0.397548 0.240368 0.315237
0 0.643279 0.255692 0.051226 0.115587
0 0.792032 0.324869 0.118214 0.215411
0 0.258592 0.252189 0.052211 0.140105
0 0.199485 0.315237 0.058122 0.105079
0 0.727507 0.233800 0.105407 0.124344
