0 0.064525 0.462347 0.048271 0.266199
0 0.547231 0.393170 0.243323 0.281962
0 0.335924 0.401927 0.151707 0.313485
0 0.879214 0.248687 0.073883 0.119090
0 0.793509 0.314361 0.097527 0.162872
0 0.367940 0.204904 0.056152 0.115587
0 0.557082 0.147110 0.044330 0.084063
0 0.960979 0.317863 0.067973 0.183888
0 0.193575 0.283713 0.062062 0.126094
0 0.110825 0.288091 0.060092 0.099825
0 0.255637 0.261821 0.052211 0.148861
0 0.713715 0.261821 0.052211 0.211909
0 0.174858 0.487741 0.160573 0.278459
0 0.649190 0.260070 0.057136 0.113835
0 0.877736 0.376532 0.098511 0.171630
