0 0.884632 0.395797 0.090630 0.210158
0 0.103930 0.286340 0.054181 0.089317
0 0.586143 0.248687 0.070928 0.115586
0 0.564963 0.147110 0.052211 0.091069
0 0.791046 0.380035 0.108363 0.273205
0 0.336909 0.391419 0.151707 0.323993
0 0.729477 0.274956 0.054181 0.196147
0 0.652638 0.260946 0.050241 0.129597
0 0.255144 0.253941 0.047285 0.143607
0 0.964919 0.335377 0.064033 0.180385
0 0.063540 0.467601 0.062062 0.276707
0 0.026598 0.492119 0.047285 0.269703
0 0.198008 0.287216 0.059107 0.133100
0 0.885125 0.253940 0.067973 0.094571
0 0.552156 0.415937 0.239382 0.366024
0 0.174365 0.486865 0.153678 0.273205
