0 0.180768 0.450087 0.073884 0.269703
0 0.612248 0.436953 0.077824 0.383537
0 0.167469 0.274081 0.043345 0.106830
0 0.620129 0.179510 0.077824 0.152364
0 0.542798 0.147986 0.076839 0.078809
0 0.782673 0.210157 0.095556 0.150613
0 0.083242 0.471104 0.115258 0.325744
0 0.263518 0.261821 0.156633 0.089317
0 0.037927 0.435201 0.060092 0.131349
0 0.825526 0.418564 0.094571 0.315237
0 0.254652 0.461471 0.066003 0.278459
0 0.464481 0.219790 0.182246 0.106830
0 0.522110 0.428196 0.122154 0.376532
0 0.357104 0.471979 0.129050 0.327496
0 0.707312 0.389667 0.066988 0.299475
