0 0.818629 0.432575 0.092601 0.315236
0 0.036449 0.450963 0.066988 0.190894
0 0.165992 0.271454 0.060092 0.108581
0 0.269429 0.456217 0.095556 0.236427
0 0.171902 0.477233 0.087676 0.313485
0 0.467436 0.209282 0.186186 0.085814
0 0.092601 0.471104 0.076839 0.325745
0 0.706327 0.378284 0.074869 0.280210
0 0.785628 0.201401 0.087675 0.129597
0 0.524080 0.447461 0.116243 0.425569
0 0.615696 0.456218 0.076839 0.439580
0 0.615696 0.167250 0.078809 0.145358
0 0.694998 0.198774 0.073883 0.113835
0 0.383209 0.447461 0.187172 0.345008
