0 0.375821 0.485114 0.184216 0.325744
0 0.619637 0.180385 0.092601 0.143607
0 0.829466 0.393170 0.072898 0.316988
0 0.474332 0.220666 0.178305 0.126094
0 0.783166 0.208406 0.088660 0.129597
0 0.924529 0.321366 0.077824 0.148862
0 0.285190 0.257443 0.158604 0.126095
0 0.085705 0.481611 0.088660 0.332750
0 0.198008 0.491244 0.094571 0.408056
0 0.175843 0.270578 0.056152 0.096322
0 0.521125 0.392294 0.112303 0.336252
0 0.730462 0.398424 0.125109 0.313485
0 0.038420 0.450087 0.066988 0.154116
0 0.618159 0.430823 0.091616 0.374781
