0 0.175930 0.326602 0.075761 0.169742
0 0.388665 0.135609 0.059156 0.079336
0 0.333921 0.278598 0.065904 0.162362
0 0.455604 0.129151 0.049816 0.099631
0 0.585332 0.151292 0.043589 0.125461
0 0.666026 0.160517 0.065908 0.103320
0 0.965175 0.307727 0.058118 0.117163
0 0.098074 0.384755 0.098593 0.245524
0 0.185271 0.221402 0.094442 0.095942
0 0.542263 0.137454 0.050853 0.123617
0 0.894084 0.183579 0.040475 0.068266
0 0.655944 0.434536 0.138107 0.378229
0 0.715070 0.146679 0.091328 0.086716
0 0.045145 0.529573 0.090291 0.247339
0 0.118312 0.245387 0.058118 0.095942
0 0.362719 0.199264 0.063307 0.110702
