0 0.665245 0.160517 0.064345 0.103320
0 0.715060 0.146679 0.091328 0.086716
0 0.118312 0.245387 0.058118 0.095942
0 0.388665 0.135609 0.059156 0.079336
0 0.455604 0.129151 0.049816 0.099631
0 0.965175 0.288745 0.058118 0.116237
0 0.098074 0.370866 0.098593 0.217746
0 0.333660 0.278598 0.065383 0.162362
0 0.647611 0.425276 0.122482 0.378229
0 0.362719 0.199262 0.063307 0.110702
0 0.585332 0.151292 0.043589 0.125461
0 0.180062 0.221402 0.094442 0.095942
0 0.894084 0.183579 0.040475 0.068266
0 0.045145 0.515683 0.090291 0.219558
0 0.542263 0.137454 0.050853 0.123617
0 0.170722 0.317343 0.075761 0.169742
