0 0.334698 0.280443 0.069534 0.121771
0 0.798605 0.257380 0.073685 0.123616
0 0.517874 0.179889 0.101707 0.130996
0 0.860355 0.270295 0.062270 0.094096
0 0.031654 0.328413 0.052929 0.077491
0 0.652272 0.138376 0.067459 0.077492
0 0.277618 0.490775 0.117274 0.391144
0 0.495041 0.135609 0.085102 0.090406
0 0.175392 0.433580 0.166052 0.321033
0 0.285920 0.239852 0.069534 0.073801
0 0.209121 0.275830 0.055005 0.123616
0 0.258937 0.178967 0.057080 0.081181
0 0.039956 0.489853 0.077836 0.256457
0 0.928852 0.285056 0.064345 0.101476
0 0.395411 0.465868 0.139068 0.422509
0 0.424988 0.223247 0.071610 0.136531
0 0.348709 0.161439 0.064345 0.086716
0 0.211197 0.199262 0.040475 0.059041
0 0.648639 0.225092 0.093404 0.180812
0 0.732184 0.377306 0.102744 0.274907
0 0.118312 0.343174 0.080951 0.162362
