0 0.632553 0.416974 0.146333 0.372694
0 0.954797 0.354244 0.085102 0.166052
0 0.133360 0.226015 0.057080 0.086717
0 0.389702 0.178044 0.044627 0.123617
0 0.061232 0.519373 0.122463 0.337638
0 0.272429 0.434502 0.243889 0.348709
0 0.832853 0.386531 0.127653 0.345018
0 0.664726 0.132841 0.079912 0.073801
0 0.112604 0.312731 0.081988 0.145756
0 0.503863 0.369926 0.106896 0.356089
0 0.222613 0.298893 0.075761 0.110701
0 0.734778 0.410517 0.139068 0.326569
0 0.033210 0.328413 0.051891 0.070110
0 0.159825 0.459410 0.166052 0.295203
0 0.325357 0.277675 0.077837 0.116236
0 0.797567 0.158672 0.069534 0.081181
0 0.679255 0.228782 0.075761 0.154981
0 0.290072 0.237085 0.061232 0.079336
