0 0.835447 0.220480 0.058118 0.068266
0 0.289034 0.238930 0.081988 0.086716
0 0.598824 0.373617 0.103782 0.300738
0 0.115717 0.475092 0.079912 0.282288
0 0.179024 0.211255 0.073685 0.090406
0 0.718173 0.204797 0.041512 0.084870
0 0.863987 0.178967 0.061231 0.073800
0 0.464426 0.127306 0.052929 0.095941
0 0.217943 0.309963 0.066420 0.140221
0 0.337812 0.185424 0.084064 0.153137
0 0.515279 0.158672 0.046702 0.129151
0 0.588446 0.161439 0.060193 0.130996
0 0.963100 0.287823 0.058118 0.095941
0 0.639818 0.127306 0.038399 0.084870
0 0.830258 0.354244 0.076799 0.239852
0 0.191997 0.264760 0.083026 0.086717
0 0.437961 0.213100 0.056042 0.075646
