0 0.170722 0.221402 0.059156 0.121771
0 0.736854 0.379151 0.136993 0.263838
0 0.437442 0.208487 0.067458 0.095941
0 0.192516 0.459410 0.189922 0.343173
0 0.537073 0.435425 0.100669 0.391144
0 0.609202 0.201107 0.074723 0.191882
0 0.855166 0.398524 0.112085 0.269372
0 0.461312 0.113469 0.063307 0.090406
0 0.383994 0.383764 0.190959 0.309963
0 0.114679 0.475092 0.142182 0.311808
0 0.293185 0.202952 0.059156 0.147602
0 0.088215 0.315498 0.066421 0.158671
0 0.039437 0.479705 0.076798 0.269372
0 0.790821 0.240775 0.118312 0.142067
0 0.148928 0.302583 0.044627 0.143911
0 0.064345 0.532288 0.060194 0.337639
0 0.918992 0.277675 0.067458 0.112546
