0 0.214829 0.318266 0.058118 0.127306
0 0.042551 0.513838 0.080951 0.326569
0 0.610759 0.267528 0.189922 0.118081
0 0.141663 0.444650 0.102744 0.332103
0 0.887857 0.348709 0.131803 0.239853
0 0.543819 0.416974 0.089253 0.328414
0 0.210678 0.207565 0.068496 0.083026
0 0.451453 0.157749 0.056042 0.119926
0 0.776292 0.408672 0.130766 0.341329
0 0.365833 0.451107 0.223132 0.263838
0 0.664207 0.424355 0.149447 0.369004
0 0.305639 0.237085 0.090291 0.079336
0 0.976591 0.366236 0.037362 0.149446
0 0.327433 0.295203 0.187846 0.136531
