0 0.828702 0.367158 0.111047 0.217712
0 0.187327 0.213100 0.065383 0.119927
0 0.346633 0.217712 0.043589 0.095941
0 0.280731 0.288745 0.057080 0.142067
0 0.209121 0.316420 0.055005 0.130996
0 0.485182 0.115314 0.065383 0.097786
0 0.962062 0.297048 0.060194 0.088561
0 0.103263 0.324723 0.071610 0.169742
0 0.285920 0.231550 0.077836 0.064576
0 0.900312 0.260148 0.073685 0.147601
0 0.265164 0.492620 0.129728 0.365314
0 0.083545 0.495387 0.111047 0.267527
0 0.375692 0.263837 0.049815 0.225092
0 0.135955 0.301661 0.080950 0.167897
0 0.440556 0.261070 0.077836 0.130996
0 0.571840 0.173431 0.093404 0.136531
