0 0.543819 0.180812 0.120388 0.143911
0 0.744638 0.412362 0.098593 0.333948
0 0.175392 0.328413 0.107933 0.188192
0 0.354935 0.259225 0.091328 0.186346
0 0.664726 0.143911 0.084064 0.114391
0 0.520468 0.223247 0.071610 0.166052
0 0.273466 0.274908 0.071610 0.125461
0 0.625288 0.421587 0.113123 0.363469
0 0.827145 0.430812 0.089253 0.300738
0 0.419799 0.137454 0.102744 0.097786
0 0.686520 0.385609 0.086139 0.295203
0 0.904463 0.386531 0.119349 0.271218
0 0.441075 0.265683 0.074723 0.129151
0 0.113642 0.519373 0.096518 0.367158
0 0.507495 0.388376 0.114161 0.293358
0 0.045664 0.509225 0.089253 0.317343
0 0.110009 0.363469 0.114160 0.188192
0 0.329509 0.435424 0.187846 0.291513
