0 0.198224 0.308118 0.074723 0.210332
0 0.959467 0.401292 0.063307 0.263837
0 0.328471 0.290590 0.057080 0.127306
0 0.151003 0.366236 0.069534 0.190037
0 0.258937 0.330258 0.075761 0.202952
0 0.100150 0.400369 0.104820 0.206642
0 0.375173 0.279520 0.059156 0.260148
0 0.726476 0.217712 0.089253 0.147602
0 0.245445 0.202030 0.044627 0.112546
0 0.299412 0.197417 0.057080 0.121771
0 0.529809 0.163284 0.119349 0.127306
0 0.766432 0.289668 0.146333 0.173432
0 0.863469 0.270295 0.066421 0.116236
0 0.439518 0.254612 0.063307 0.206642
0 0.600899 0.156826 0.070572 0.114392
0 0.758130 0.370849 0.179543 0.276753
0 0.279174 0.507380 0.095480 0.335794
0 0.539668 0.334871 0.134917 0.289668
