0 0.216386 0.209410 0.038399 0.105166
0 0.346114 0.300738 0.104820 0.202952
0 0.779924 0.240775 0.071610 0.156826
0 0.435367 0.259225 0.063307 0.226937
0 0.213272 0.325646 0.061232 0.105167
0 0.572359 0.202952 0.069534 0.154981
0 0.923143 0.316420 0.090291 0.171587
0 0.518911 0.200185 0.095480 0.138377
0 0.273466 0.169742 0.048778 0.099631
0 0.532922 0.354244 0.119349 0.280443
0 0.258418 0.291513 0.058118 0.210331
0 0.172798 0.309041 0.061232 0.178967
0 0.730627 0.246310 0.095480 0.186347
0 0.085620 0.356088 0.073685 0.206642
0 0.833891 0.189114 0.067458 0.105166
0 0.126614 0.340406 0.051891 0.260147
0 0.642931 0.235240 0.075761 0.219557
0 0.492966 0.110701 0.066420 0.077491
