0 0.117274 0.308118 0.101706 0.180812
0 0.431216 0.140221 0.090291 0.088561
0 0.869696 0.277675 0.074723 0.094096
0 0.720768 0.211255 0.044627 0.060885
0 0.296817 0.192805 0.070572 0.130996
0 0.705201 0.146679 0.102744 0.083026
0 0.174873 0.318266 0.071610 0.164207
0 0.463388 0.304428 0.131804 0.221402
0 0.260493 0.294280 0.062269 0.208487
0 0.057599 0.520295 0.115198 0.306273
0 0.825069 0.211255 0.058118 0.071956
0 0.323801 0.293358 0.058118 0.132842
0 0.481550 0.111624 0.060194 0.090406
0 0.370503 0.285978 0.053967 0.232472
