0 0.201338 0.308118 0.062269 0.202952
0 0.573397 0.122694 0.048778 0.105166
0 0.610240 0.162362 0.076798 0.114392
0 0.288515 0.320111 0.168127 0.201106
0 0.035805 0.331181 0.059156 0.071956
0 0.330028 0.277675 0.049816 0.208487
0 0.771621 0.216789 0.073685 0.097786
0 0.489852 0.157749 0.116236 0.138376
0 0.441075 0.261993 0.072647 0.154981
0 0.579105 0.268450 0.176430 0.175277
0 0.882668 0.235240 0.073685 0.083026
0 0.159306 0.330258 0.050854 0.121771
0 0.707795 0.208487 0.043589 0.088561
0 0.203932 0.202030 0.052929 0.075646
0 0.114679 0.343173 0.084064 0.195572
