0 0.881630 0.231550 0.055005 0.064576
0 0.177987 0.223247 0.044627 0.103320
0 0.164495 0.321956 0.061232 0.153137
0 0.314460 0.296125 0.087177 0.112546
0 0.437961 0.263837 0.083026 0.151292
0 0.929370 0.281365 0.063307 0.105166
0 0.220018 0.305350 0.060194 0.142066
0 0.863469 0.271218 0.070572 0.099631
0 0.713503 0.199262 0.063307 0.084871
0 0.361681 0.223247 0.063307 0.088561
0 0.100150 0.276753 0.061231 0.132841
0 0.032172 0.330258 0.060194 0.092251
0 0.286439 0.237085 0.085102 0.083026
0 0.802756 0.259225 0.071610 0.119926
