0 0.600381 0.426200 0.115198 0.372694
0 0.335217 0.275830 0.066421 0.149446
0 0.148409 0.461255 0.107934 0.258302
0 0.889414 0.391144 0.110009 0.273062
0 0.096517 0.333948 0.058118 0.173431
0 0.874366 0.225093 0.057080 0.059041
0 0.565095 0.161439 0.040476 0.123617
0 0.662650 0.140222 0.048778 0.062731
0 0.544857 0.130074 0.064345 0.083026
0 0.043589 0.523063 0.087177 0.333948
0 0.289034 0.238007 0.044627 0.070111
0 0.648639 0.233395 0.114161 0.156827
0 0.963100 0.359779 0.070572 0.206642
0 0.440037 0.256458 0.072648 0.132841
0 0.599343 0.155904 0.042551 0.101476
0 0.742043 0.381919 0.078874 0.295203
0 0.922105 0.271218 0.055005 0.092251
0 0.205489 0.308118 0.070572 0.221403
0 0.669915 0.431734 0.073685 0.365314
0 0.353379 0.222325 0.052929 0.075645
0 0.271391 0.185425 0.063307 0.127306
0 0.158787 0.323800 0.053967 0.145756
0 0.729071 0.215867 0.088215 0.158671
0 0.468058 0.142989 0.049815 0.083026
