0 0.306677 0.170664 0.079912 0.086716
0 0.350265 0.290590 0.117274 0.263838
0 0.431734 0.256458 0.083026 0.180812
0 0.918473 0.270295 0.053967 0.175277
0 0.865544 0.285978 0.064345 0.073800
0 0.802237 0.261993 0.070572 0.107011
0 0.529290 0.124539 0.041513 0.090406
0 0.019200 0.380996 0.038399 0.130996
0 0.118312 0.347786 0.110009 0.186346
0 0.072648 0.375461 0.058118 0.094096
0 0.581700 0.158672 0.090291 0.114392
0 0.170722 0.231550 0.038399 0.094096
0 0.207565 0.334871 0.066421 0.112546
0 0.497636 0.165129 0.069534 0.127306
0 0.257380 0.287823 0.064345 0.214022
0 0.871771 0.226015 0.045664 0.064576
0 0.232991 0.177122 0.086139 0.103321
