0 0.508014 0.784133 0.233510 0.431734
0 0.558333 0.550000 0.179167 0.325926
0 0.284896 0.447222 0.140625 0.246296
0 0.434375 0.327778 0.097917 0.103704
0 0.839583 0.679630 0.104167 0.318519
0 0.432812 0.482407 0.063542 0.172222
0 0.169792 0.337963 0.085417 0.105556
0 0.120312 0.384259 0.086458 0.098148
0 0.279687 0.885185 0.290625 0.218519
0 0.088021 0.533333 0.117708 0.200000
0 0.111458 0.634259 0.139583 0.246296
0 0.240625 0.741667 0.227083 0.361111
0 0.523438 0.353704 0.128125 0.122222
0 0.264062 0.280556 0.061458 0.072222
