0 0.784896 0.750000 0.165625 0.481481
0 0.250521 0.395370 0.103125 0.164815
0 0.561979 0.341667 0.065625 0.124074
0 0.118750 0.362963 0.056250 0.088889
0 0.485938 0.308333 0.048958 0.109259
0 0.192187 0.362037 0.065625 0.064815
0 0.419271 0.307407 0.069792 0.092593
0 0.752083 0.542593 0.079167 0.292593
0 0.934375 0.528704 0.081250 0.201852
0 0.376563 0.499074 0.159375 0.246296
0 0.051562 0.400926 0.057292 0.083333
0 0.368750 0.310185 0.068750 0.087037
0 0.604688 0.461111 0.176042 0.218519
0 0.528646 0.527778 0.219792 0.266667
