0 0.308854 0.864815 0.219792 0.244444
0 0.275000 0.648148 0.114583 0.344444
0 0.605208 0.330556 0.072917 0.087037
0 0.483854 0.342593 0.096875 0.129630
0 0.821354 0.396296 0.086458 0.140741
0 0.402083 0.315741 0.077083 0.094444
0 0.634896 0.457407 0.146875 0.266667
0 0.141146 0.738889 0.167708 0.351852
0 0.316667 0.462963 0.100000 0.214815
0 0.198743 0.385609 0.040476 0.077491
0 0.569271 0.520370 0.213542 0.259259
0 0.075000 0.525000 0.085417 0.216667
0 0.447396 0.278704 0.046875 0.079630
0 0.112500 0.622222 0.127083 0.288889
0 0.595313 0.308333 0.101042 0.087037
0 0.091146 0.339815 0.048958 0.079630
0 0.265625 0.375926 0.095833 0.148148
0 0.781771 0.344444 0.057292 0.129630
0 0.153225 0.386173 0.047917 0.135185
