0 0.277604 0.448148 0.165625 0.225926
0 0.504687 0.611111 0.105208 0.437037
0 0.487500 0.304630 0.089583 0.127778
0 0.415625 0.379630 0.056250 0.088889
0 0.584896 0.498148 0.080208 0.292593
0 0.651042 0.362037 0.045833 0.153704
0 0.409375 0.495370 0.054167 0.112963
0 0.846875 0.703704 0.075000 0.307407
0 0.877604 0.435185 0.046875 0.188889
0 0.808333 0.422222 0.075000 0.203704
0 0.581771 0.329630 0.086458 0.100000
0 0.216146 0.856481 0.307292 0.259259
0 0.066146 0.444444 0.098958 0.107407
0 0.716667 0.405556 0.087500 0.174074
0 0.963542 0.780093 0.062500 0.384259
0 0.751302 0.775463 0.148438 0.384259
0 0.052083 0.372222 0.077083 0.092593
0 0.094792 0.579630 0.143750 0.188889
