0 0.493229 0.313889 0.069792 0.105556
0 0.274479 0.439815 0.161458 0.253704
0 0.586979 0.476852 0.078125 0.268519
0 0.594792 0.331481 0.122917 0.148148
0 0.757812 0.800926 0.135417 0.370370
0 0.851562 0.729630 0.078125 0.377778
0 0.508333 0.623148 0.125000 0.461111
0 0.808854 0.432407 0.073958 0.194444
0 0.422396 0.374074 0.063542 0.088889
0 0.718750 0.408333 0.097917 0.194444
0 0.210937 0.831019 0.286458 0.291667
0 0.871354 0.459259 0.034375 0.185185
0 0.075521 0.566667 0.128125 0.203704
0 0.111458 0.315741 0.045833 0.087037
0 0.050521 0.363889 0.065625 0.072222
0 0.059896 0.451852 0.094792 0.122222
0 0.954427 0.789352 0.080729 0.402778
0 0.402083 0.493519 0.060417 0.105556
