0 0.873958 0.453704 0.043750 0.196296
0 0.764323 0.780093 0.122396 0.402778
0 0.416146 0.366667 0.065625 0.096296
0 0.410938 0.493519 0.055208 0.116667
0 0.226562 0.833333 0.265625 0.287037
0 0.962240 0.789352 0.070312 0.365741
0 0.075000 0.565741 0.131250 0.175926
0 0.715104 0.402778 0.098958 0.172222
0 0.593229 0.329630 0.111458 0.111111
0 0.489062 0.309259 0.080208 0.133333
0 0.534375 0.262037 0.052083 0.083333
0 0.505729 0.600000 0.103125 0.425926
0 0.272917 0.438889 0.166667 0.251852
0 0.803125 0.426852 0.070833 0.187037
0 0.846875 0.709259 0.081250 0.266667
0 0.066146 0.456481 0.092708 0.120370
0 0.971354 0.514815 0.048958 0.162963
0 0.052083 0.366667 0.068750 0.066667
0 0.709896 0.304630 0.098958 0.094444
0 0.595313 0.481481 0.073958 0.262963
