0 0.277604 0.435185 0.167708 0.229630
0 0.949219 0.775463 0.091146 0.393519
0 0.491667 0.302778 0.079167 0.105556
0 0.073958 0.566667 0.137500 0.218519
0 0.416667 0.375926 0.056250 0.081481
0 0.595313 0.337037 0.121875 0.107407
0 0.507292 0.605556 0.120833 0.411111
0 0.590625 0.494444 0.064583 0.277778
0 0.976562 0.501852 0.038542 0.140741
0 0.410937 0.495370 0.057292 0.124074
0 0.743490 0.807870 0.179688 0.356481
0 0.059375 0.362963 0.075000 0.081481
0 0.839583 0.688889 0.072917 0.307407
0 0.719271 0.401852 0.101042 0.188889
0 0.056250 0.428704 0.097917 0.094444
0 0.807292 0.415741 0.079167 0.224074
0 0.872917 0.439815 0.047917 0.153704
0 0.212240 0.837963 0.273438 0.277778
