0 0.197917 0.812500 0.296875 0.319444
0 0.579688 0.333333 0.090625 0.096296
0 0.068229 0.448148 0.088542 0.125926
0 0.589583 0.492593 0.072917 0.266667
0 0.750000 0.812500 0.166667 0.365741
0 0.797396 0.427778 0.080208 0.170370
0 0.647917 0.353704 0.058333 0.192593
0 0.511458 0.634259 0.118750 0.468519
0 0.725521 0.412963 0.098958 0.196296
0 0.413542 0.378704 0.060417 0.112963
0 0.866146 0.458333 0.046875 0.198148
0 0.498958 0.313889 0.079167 0.101852
0 0.848437 0.700926 0.082292 0.324074
0 0.270833 0.441667 0.160417 0.227778
0 0.963542 0.780093 0.062500 0.365741
0 0.046354 0.369444 0.063542 0.079630
0 0.084896 0.574074 0.128125 0.181481
