0 0.845833 0.696296 0.072917 0.329630
0 0.404687 0.496296 0.061458 0.114815
0 0.588021 0.481481 0.078125 0.244444
0 0.407813 0.371296 0.065625 0.090741
0 0.061979 0.437037 0.096875 0.092593
0 0.268750 0.449074 0.162500 0.238889
0 0.504687 0.607407 0.117708 0.425926
0 0.083333 0.576852 0.143750 0.175926
0 0.716667 0.401852 0.114583 0.188889
0 0.876042 0.447222 0.052083 0.150000
0 0.589583 0.335185 0.131250 0.096296
0 0.053646 0.359259 0.071875 0.074074
0 0.210937 0.828704 0.260417 0.277778
0 0.755208 0.775463 0.156250 0.402778
0 0.493229 0.309259 0.073958 0.114815
0 0.951823 0.787037 0.080729 0.370370
0 0.803125 0.415741 0.081250 0.194444
