0 0.246354 0.258333 0.063542 0.057407
0 0.693229 0.503704 0.121875 0.203704
0 0.076042 0.482407 0.062500 0.172222
0 0.167708 0.637037 0.145833 0.214815
0 0.304687 0.880556 0.369792 0.227778
0 0.490625 0.328704 0.100000 0.072222
0 0.389062 0.623148 0.201042 0.261111
0 0.515625 0.453704 0.235417 0.129630
0 0.775521 0.444444 0.053125 0.229630
0 0.208854 0.524074 0.140625 0.159259
0 0.166667 0.412963 0.089583 0.088889
0 0.316667 0.744444 0.287500 0.181481
0 0.432292 0.276852 0.043750 0.098148
0 0.681250 0.675926 0.222917 0.262963
0 0.275000 0.431481 0.083333 0.137037
0 0.551562 0.325000 0.053125 0.120370
0 0.806250 0.365741 0.039583 0.116667
0 0.465625 0.558333 0.191667 0.224074
0 0.873437 0.777778 0.207292 0.359259
0 0.654167 0.853704 0.337500 0.288889
