0 0.549479 0.320370 0.055208 0.077778
0 0.264062 0.448148 0.109375 0.162963
0 0.424479 0.549074 0.194792 0.161111
0 0.329688 0.646296 0.190625 0.222222
0 0.595833 0.905556 0.379167 0.162963
0 0.833854 0.426852 0.080208 0.175926
0 0.488542 0.316667 0.085417 0.085185
0 0.860937 0.818519 0.236458 0.325926
0 0.283854 0.848148 0.296875 0.251852
0 0.197396 0.694444 0.190625 0.181481
0 0.158854 0.508333 0.088542 0.146296
0 0.152083 0.400926 0.089583 0.116667
0 0.523438 0.454630 0.207292 0.109259
0 0.254167 0.325000 0.081250 0.090741
0 0.252604 0.260185 0.073958 0.087037
0 0.662500 0.522222 0.200000 0.233333
0 0.584896 0.712037 0.292708 0.235185
0 0.114583 0.549074 0.129167 0.094444
