0 0.425521 0.637037 0.184375 0.296296
0 0.874479 0.778704 0.238542 0.350000
0 0.275000 0.427778 0.108333 0.114815
0 0.591667 0.398148 0.220833 0.062963
0 0.496875 0.548148 0.135417 0.211111
0 0.246354 0.268519 0.065625 0.059259
0 0.430729 0.279630 0.055208 0.088889
0 0.656250 0.841667 0.331250 0.305556
0 0.746354 0.458333 0.078125 0.242593
0 0.169792 0.413889 0.095833 0.094444
0 0.778646 0.324074 0.044792 0.103704
0 0.675000 0.611111 0.147917 0.325926
0 0.094792 0.489815 0.072917 0.090741
0 0.170833 0.608333 0.168750 0.183333
0 0.299479 0.880556 0.369792 0.224074
0 0.488542 0.317593 0.091667 0.090741
0 0.233854 0.537037 0.136458 0.151852
0 0.322917 0.717593 0.277083 0.212963
