0 0.720833 0.479630 0.114583 0.174074
0 0.530729 0.480556 0.209375 0.175926
0 0.703646 0.653704 0.113542 0.292593
0 0.315625 0.734259 0.289583 0.187037
0 0.071354 0.510185 0.082292 0.172222
0 0.646875 0.843519 0.358333 0.312963
0 0.217188 0.540741 0.153125 0.177778
0 0.254167 0.267593 0.062500 0.050000
0 0.280729 0.450000 0.090625 0.192593
0 0.563021 0.326852 0.048958 0.131481
0 0.784375 0.421296 0.054167 0.190741
0 0.173437 0.607407 0.169792 0.151852
0 0.301563 0.874074 0.371875 0.240741
0 0.412500 0.595370 0.222917 0.164815
0 0.180208 0.408333 0.075000 0.087037
0 0.466667 0.563889 0.193750 0.242593
0 0.879167 0.780556 0.225000 0.379630
0 0.446875 0.281481 0.075000 0.088889
