0 0.134375 0.615741 0.154167 0.205556
0 0.462500 0.547222 0.212500 0.216667
0 0.223958 0.354630 0.070833 0.075926
0 0.615104 0.687963 0.296875 0.209259
0 0.663542 0.453704 0.195833 0.266667
0 0.296875 0.870370 0.368750 0.251852
0 0.871354 0.792593 0.238542 0.333333
0 0.076042 0.334259 0.085417 0.072222
0 0.189583 0.508333 0.122917 0.153704
0 0.299479 0.742593 0.290625 0.181481
0 0.063542 0.479630 0.077083 0.125926
0 0.806250 0.393519 0.047917 0.146296
0 0.273438 0.439815 0.098958 0.157407
0 0.247917 0.267593 0.068750 0.075926
0 0.525000 0.455556 0.212500 0.148148
0 0.139583 0.400000 0.085417 0.085185
0 0.065625 0.392593 0.062500 0.062963
0 0.344792 0.621296 0.258333 0.209259
0 0.438542 0.265741 0.075000 0.120370
0 0.552604 0.328704 0.088542 0.094444
0 0.669271 0.887963 0.355208 0.220370
