0 0.261458 0.444444 0.112500 0.181481
0 0.557292 0.320370 0.047917 0.125926
0 0.853646 0.777778 0.280208 0.325926
0 0.133333 0.338889 0.056250 0.085185
0 0.665625 0.496296 0.189583 0.200000
0 0.451042 0.555556 0.189583 0.192593
0 0.247396 0.722222 0.255208 0.188889
0 0.828125 0.403704 0.068750 0.170370
0 0.655208 0.900000 0.335417 0.192593
0 0.118229 0.586111 0.123958 0.175926
0 0.652604 0.386111 0.121875 0.109259
0 0.523958 0.474074 0.218750 0.148148
0 0.490104 0.323148 0.092708 0.101852
0 0.598437 0.713889 0.296875 0.209259
0 0.247917 0.264815 0.072917 0.059259
0 0.299479 0.899074 0.357292 0.198148
0 0.336979 0.648148 0.219792 0.303704
0 0.430729 0.275926 0.061458 0.100000
